 label Gender(0=Male;1=Female;) Gender_ID(0=Male;1=Female;2=Other;) Greek(0=No;1=Yes;) Home_Town(0=Small_Town;1=Medium_City;2=Big_City_Subrub;3=Big_City;) In_State(0=No;1=Yes;) Ethnicity(0=White;1=Black;2=Hispanic;3=East_Asian;4=South_Asian;5=Other;) Religion(0=Christian;1=Jewish;2=Muslim;3=Hindu;4=Buddhist;5=Religious_but_not_one_of_the_above;6=Agnostic;7=Atheist;) Religious like_Math Calculus(0=No;1=Yes;) ACT GPA Party_Hours_per_week Drinks_per_week Sex_Partners Relationships Call_Parents Cell_Phone(0=Android;1=iPhone;2=Other;) Social_Media(10=V10_or_more;) Texts Good_or_Well Expected_Income President(1=Donald_Trump;2=Hillary_Clinton;3=Jill_Stein;4=Gary_Johnson;5=Not_eligible_to_vote;6=Chose_not_to_vote;) Illinois_Commitment Family_Income Liberal Political_Party(0=Democratic;1=Republican;2=Independent;3=Green;4=Libertarian;5=Other;) Grade_vs_Learning Parent_Relationship Work_Hours Tuition Career Section(1=L1;2=KF;3=ONL;) 
Obs1 1 1 1 0 3 1 1 0 4 4 1 23 3.3 4 12 1 4 8 1 4 14 2 150 5 10 85 1 0 2 8 10 40 5 1 
Obs2 2 1 1 0 2 1 0 0 2 6 1 25 3.9 3 1 5 3 7 1 3 5 5 200 6 10 80 7 2 5 10 20 100 3 1 
Obs3 3 1 1 1 2 1 0 1 3 3 0 24 3.3 10 50 7 2 10 1 3 5 5 80 5 7 50 4 4 6 10 0 100 7 1 
Obs4 4 1 1 0 1 1 0 6 6 4 1 29 3.2 1 1 1 1 1 1 3 3 5 80 2 10 80 2 0 7 6 15 50 4 1 
Obs5 5 1 1 0 3 1 0 5 3 4 0 22 3.8 0 0 0 1 10 1 2 4 5 200 6 5 500 5 5 5 10 0 100 10 1 
Obs6 6 0 0 0 0 1 5 5 2 7 1 19 2.9 4 3 8 1 3 1 3 4 5 50 6 10 70 5 0 6 10 15 0 7 1 
Obs7 7 1 1 0 2 1 4 3 5 6 1 28 3.2 4 10 0 1 6 1 4 3 5 100 2 3 250 3 0 4 9 0 10 6 1 
Obs8 8 1 1 0 2 1 0 7 0 5 1 28 3.8 0 5 1 1 1 1 1 3 7 100 6 1 80 3 0 3 3 15 70 8 1 
Obs9 9 0 0 0 0 1 0 0 10 7 1 25 3 0 0 1 1 7 1 2 5 5 100 1 5 250 10 1 7 10 0 0 4 1 
Obs10 10 0 0 1 2 1 0 6 2 1 1 28 3.6 15 25 4 1 6 1 5 18 8 150 5 2 300 5 0 3 10 0 90 6 1 
Obs11 11 0 0 0 0 1 4 2 5 5 1 30 3.7 4 0 0 1 7 1 2 7 4 100 5 10 150 5 0 5 7 10 100 10 1 
Obs12 12 1 1 0 3 1 0 6 0 5 0 32 3.9 0 0 0 0 3 1 4 4 6 70 5 9 100 1 0 5 10 20 100 8 1 
Obs13 13 0 0 0 0 1 0 6 2 4 1 30 3.8 0 0 3 0 1 1 2 2 4 80 1 10 200 3 2 6 6 10 0 6 1 
Obs14 14 1 1 0 2 1 0 1 4 0 0 27 3.3 3 5 1 0 7 1 2 20 0 900 2 10 200 3 0 3 10 0 100 1 1 
Obs15 15 1 1 0 0 1 0 0 4 7 1 31 4 4 4 5 2 5 1 2 6 7 100 5 10 10 4 0 6 9 0 0 5 1 
Obs16 16 1 1 0 1 1 1 0 5 7 0 28 3.7 7 3 0 0 4 1 7 5 6 125 5 10 450 0 0 3 4 0 100 10 1 
Obs17 17 0 0 0 1 1 0 0 1 5 0 30 3.9 6 5 5 1 1 1 5 11 5 500 5 0 300 5 0 5 8 40 80 8 1 
Obs18 18 1 1 0 2 1 2 0 6 2 0 24 3.9 1 1 1 3 4 1 6 3 0 60 5 10 26 0 0 5 7 20 0 7 1 
Obs19 19 0 0 0 0 1 0 0 7 8 1 33 4 0 0 0 1 2 1 1 4 6 180 5 1 250 7 1 4 7 10 30 7 1 
Obs20 20 1 1 1 2 1 0 0 5 5 1 26 3.2 8 10 4 0 2 1 3 6 3 75 5 5 150 3 0 5 9 5 60 10 1 
Obs21 21 1 1 0 2 1 2 0 4 5 0 26 3.9 0 0 2 1 7 1 3 5 5 100 5 10 20 2 4 2 8 0 90 10 1 
Obs22 22 0 0 0 0 1 0 1 4 2 0 28 3.3 3 0 1 1 3 1 3 7 8 100 5 9 250 6 4 7 8 0 90 6 1 
Obs23 23 1 1 0 2 1 0 0 6 3 1 27 3.8 10 10 0 0 2 1 2 4 3 100 5 10 700 2 0 3 9 0 10 0 1 
Obs24 24 1 1 0 3 1 1 0 9 7 1 22 2.5 4 1 4 2 5 1 7 3 9 150 6 10 59 10 0 5 9 40 0 2 1 
Obs25 25 0 0 0 3 0 3 4 6 4 1 25 3 0 0 1 1 1 1 6 3 8 5000 5 10 100 7 0 5 9 0 100 9 1 
Obs26 26 1 1 0 0 1 2 6 5 7 1 28 3.6 3 2 0 0 1 1 5 5 0 70 3 7 145 4 0 5 8 0 100 5 1 
Obs27 27 1 1 0 3 1 1 0 10 2 0 28 3.3 6 1 0 0 4 1 5 4 5 80 5 10 40 3 4 5 10 25 0 0 1 
Obs28 28 1 1 0 2 1 0 0 6 5 0 29 3.7 16 12 1 0 7 1 6 8 7 150 5 9 200 5 2 0 8 15 70 7 1 
Obs29 29 1 1 0 2 1 5 0 6 4 1 27 2.8 4 8 1 0 4 1 2 4 7 90 5 10 120 4 0 4 7 10 90 9 1 
Obs30 30 1 1 1 2 1 0 0 4 9 1 33 3.9 6 7 2 1 2 1 4 15 3 130 5 8 480 4 4 4 8 0 100 8 1 
Obs31 31 1 1 0 3 1 5 0 2 0 1 21 3.8 10 1 4 2 3 1 10 6 10 500 5 10 60 0 0 5 2 10 80 10 1 
Obs32 32 0 0 0 0 1 0 0 5 5 1 26 4 6 12 0 0 14 1 2 8 5 100 5 8 500 7 1 5 9 0 100 9 1 
Obs33 33 1 1 0 1 1 0 0 4 2 1 23 3.6 4 11 0 0 3 1 2 4 7 90 5 7 170 4 0 3 6 0 10 7 1 
Obs34 34 1 1 0 2 1 2 0 6 7 0 23 4 0 0 0 0 5 1 2 3 5 50 5 9 70 2 0 7 10 0 70 0 1 
Obs35 35 1 1 1 2 1 0 0 3 8 0 28 3.8 12 6 1 1 2 1 5 5 4 100 5 10 180 0 0 4 10 0 90 10 1 
Obs36 36 1 1 0 3 1 2 5 3 9 1 19 3.9 2 1 5 1 1 1 5 3 6 80 2 10 40 3 0 5 8 10 40 5 1 
Obs37 37 0 0 0 2 1 4 3 7 8 1 30 3.8 0 0 0 0 6 1 1 9 5 70 5 8 150 4 0 4 10 0 70 6 1 
Obs38 38 0 0 0 0 1 0 0 8 4 1 30 4 0 1 0 1 1 1 1 4 8 120 5 9 150 9 1 3 10 0 100 7 1 
Obs39 39 0 0 0 2 1 0 0 7 8 1 29 3.6 0 0 0 0 5 0 4 4 7 90 5 7 159 8 4 5 6 0 100 6 1 
Obs40 40 1 1 0 3 1 0 7 0 4 0 23 3.5 4 3 2 1 1 1 5 4 7 50 5 10 10 3 0 7 2 0 0 5 1 
Obs41 41 1 1 1 2 0 0 6 2 4 0 33 2.6 10 30 15 1 15 1 1 7 7 200 6 8 5000 2 2 2 10 0 0 7 1 
Obs42 42 1 1 0 3 1 0 0 8 0 0 33 3.5 12 50 2 2 5 1 5 8 3 50 5 8 100 7 1 6 4 0 100 10 1 
Obs43 43 0 0 0 0 1 0 0 8 4 1 26 3.7 14 40 7 3 1 1 4 10 6 250 5 0 400 9 1 5 9 20 50 8 1 
Obs44 44 1 1 0 2 1 0 6 2 8 1 26 3.8 6 0 15 2 1 0 1 7 9 500 5 0 100 3 4 5 1 30 100 0 1 
Obs45 45 0 0 0 3 1 2 6 0 7 1 23 3.8 2 1 1 1 7 1 5 1 7 100 5 8 70 2 5 2 9 25 0 0 1 
Obs46 46 1 1 1 2 1 0 0 6 6 1 27 4 6 7 2 1 5 1 2 7 6 60 5 6 150 6 1 5 10 0 100 6 1 
Obs47 47 0 2 0 2 1 0 0 4 4 0 27 3.5 2 4 3 4 2 0 2 3 2 65 4 8 60 3 2 7 7 5 0 8 1 
Obs48 48 1 1 1 3 1 2 0 8 1 1 24 2.8 3 5 1 1 2 1 3 5 5 40 6 7 80 5 5 5 10 20 80 3 1 
Obs49 49 0 0 0 2 1 2 0 5 10 1 22 3.3 0 0 0 2 5 1 10 50 5 1000 5 5 50 0 0 0 5 0 100 4 1 
Obs50 50 0 0 1 2 1 0 0 2 5 1 29 4 12 11 1 0 2 0 2 15 5 90 5 4 67 6 1 5 9 0 60 0 1 
Obs51 51 1 1 0 3 0 0 2 4 5 1 18 3.7 0 0 0 1 7 1 8 5 8 5 5 9 66 5 0 4 8 0 100 6 1 
Obs52 52 1 1 0 1 1 0 0 5 8 1 30 4 6 5 1 1 10 1 1 10 5 120 5 6 200 4 0 6 9 5 100 6 1 
Obs53 53 1 1 0 3 0 0 0 8 4 1 27 3.9 4 0 0 1 5 1 4 6 6 100 5 5 140 7 4 5 7 5 90 5 1 
Obs54 54 1 1 0 3 1 2 0 6 0 0 29 3.7 6 5 0 1 7 1 2 4 0 75 5 10 24 9 0 5 10 10 10 5 1 
Obs55 55 1 1 0 3 0 4 7 0 0 1 22 3.7 0 0 0 1 7 1 4 3 6 60 5 10 200 0 0 6 10 0 100 7 1 
Obs56 56 1 1 0 2 1 0 0 5 6 1 28 3.4 25 30 3 0 2 1 3 8 6 100 5 5 175 5 0 4 8 40 100 6 1 
Obs57 57 1 1 0 0 1 0 0 0 6 1 29 4 10 20 2 1 50 1 4 5 10 80 5 10 225 10 1 3 10 0 0 7 1 
Obs58 58 1 1 0 0 1 1 0 9 6 0 24 3.5 0 0 0 0 2 1 4 2 4 95 2 10 250 8 0 7 9 10 70 10 1 
Obs59 59 1 1 0 2 1 1 6 3 1 1 25 3.5 5 4 2 2 2 1 4 3 8 120 6 4 100 4 0 4 6 0 0 7 1 
Obs60 60 1 1 0 0 1 0 0 3 7 0 23 3.7 14 20 9 1 2 1 4 15 4 60 5 10 64 6 2 5 8 0 0 0 1 
Obs61 61 1 1 0 2 1 3 0 6 6 0 26 3.7 4 0 0 0 7 1 2 4 1 100 5 10 50 5 5 5 8 10 10 2 1 
Obs62 62 0 0 0 1 0 5 6 0 7 1 30 3 7 10 3 1 0 1 4 4 2 100 2 10 150 2 0 4 10 0 80 0 1 
Obs63 63 1 1 0 3 1 0 0 7 2 0 25 3.8 12 10 0 0 1 1 5 10 5 60 5 3 40 0 0 7 8 0 100 8 1 
Obs64 64 0 0 0 2 1 2 0 7 8 1 22 4 2 0 0 1 8 1 3 5 6 150 5 7 30 6 5 7 10 10 80 8 1 
Obs65 65 1 1 0 2 1 0 0 7 6 1 26 3.7 7 8 0 0 3 1 4 6 5 80 5 5 110 5 0 3 10 0 80 3 1 
Obs66 66 1 1 1 2 1 0 0 5 6 0 26 4 10 15 4 0 7 1 3 10 3 100 5 10 300 4 0 4 9 15 60 2 1 
Obs67 67 0 0 0 1 1 0 1 8 7 1 26 3.7 0 0 0 0 25 1 3 7 7 300 5 10 300 5 0 2 10 10 100 8 1 
Obs68 68 1 1 0 2 1 0 6 3 3 0 25 3.7 0 0 1 1 3 0 1 5 1 50 5 9 100 3 0 5 9 10 50 9 1 
Obs69 69 1 1 0 3 0 3 7 0 8 1 31 3.3 0 0 0 1 3 1 1 5 3 140 5 9 300 9 0 8 10 0 100 6 1 
Obs70 70 1 1 0 2 1 0 1 8 3 1 27 4 10 10 0 0 3 1 2 20 10 300 2 10 500 3 0 5 8 5 100 7 1 
Obs71 71 1 1 0 2 1 0 1 3 2 0 30 3.6 4 12 1 0 6 1 4 7 6 20000 5 6 50000 2 0 6 7 0 100 5 1 
Obs72 72 0 0 0 3 1 2 0 3 6 0 25 2.9 2 0 0 0 20 0 5 3 5 90 5 4 30 4 0 5 9 0 0 3 1 
Obs73 73 0 0 0 1 0 0 0 10 4 0 21 2.8 0 0 6 1 1 1 4 3 5 100 6 5 200 6 1 8 10 0 50 7 1 
Obs74 74 1 1 0 0 1 0 0 7 7 1 28 4 0 0 0 1 7 1 4 20 5 120 5 4 130 3 0 5 8 10 80 5 1 
Obs75 75 1 1 1 0 1 4 3 3 0 0 20 3.9 3 2 2 0 1 1 4 2 6 100 6 7 80 5 0 5 5 0 100 7 1 
Obs76 76 1 1 0 2 1 0 0 6 8 0 26 3.9 16 28 1 2 4 1 6 3 3 70 5 2 2000 3 0 5 10 0 0 10 1 
Obs77 77 0 0 0 2 1 5 0 3 7 1 33 3.6 0 0 2 2 1 1 10 5 10 100 5 10 1300 7 4 0 5 20 0 5 1 
Obs78 78 1 1 0 2 1 0 0 8 6 1 30 4 9 7 1 1 4 1 3 15 5 80 5 8 110 6 1 4 8 0 100 2 1 
Obs79 79 0 0 0 3 1 2 6 0 7 1 33 3.5 1 0 5 2 2 1 1 5 8 90 5 10 45 1 5 10 10 0 70 0 1 
Obs80 80 1 1 0 2 1 0 6 1 5 0 27 3.9 2 0 15 1 2 1 5 4 5 73 5 10 22 2 0 5 5 0 0 7 1 
Obs81 81 1 1 0 2 1 0 0 7 3 0 31 3.9 10 15 1 1 5 1 4 5 6 80 5 7 900 3 2 5 9 0 90 5 1 
Obs82 82 0 0 0 2 1 3 0 5 6 1 29 3.6 0 0 1 1 4 1 2 5 3 100 5 8 60 5 0 5 7 0 0 7 1 
Obs83 83 1 1 0 2 1 3 5 0 8 1 24 3.2 0 0 0 0 0 1 3 2 5 25 6 5 200 5 5 7 8 10 100 4 1 
Obs84 84 1 1 0 2 1 0 7 1 5 0 31 3.8 15 15 0 0 3 1 4 20 7 200 5 7 400 3 3 3 10 0 80 0 1 
Obs85 85 1 1 1 3 1 2 0 7 1 0 19 2.9 5 6 5 2 2 1 5 4 7 171 6 9 60 4 0 3 8 10 0 8 1 
Obs86 86 0 0 0 2 1 3 6 1 5 1 32 3.7 5 3 1 2 1 1 1 3 2 75 5 8 30 4 0 5 8 5 50 9 1 
Obs87 87 1 1 1 2 1 0 0 7 5 1 27 4 10 9 0 1 2 1 2 5 5 100 5 5 300 6 5 4 7 0 90 7 1 
Obs88 88 0 0 1 0 1 0 0 7 5 0 25 3.8 3 4 1 1 3 1 4 2 5 66 1 5 90 7 1 6 8 0 0 9 1 
Obs89 89 1 1 0 2 1 4 3 2 1 1 26 3.3 4 4 0 1 5 1 3 2 8 100 5 6 100 2 0 3 7 0 10 4 1 
Obs90 90 1 1 0 1 1 0 0 1 5 0 26 4 4 0 1 1 20 1 5 10 4 110 5 9 110 1 0 9 9 0 100 4 1 
Obs91 91 0 0 0 2 0 0 7 0 0 1 32 3.1 0 0 0 0 1 1 0 3 0 90 5 5 120 6 2 4 8 0 100 10 1 
Obs92 92 1 1 0 2 1 5 0 5 10 0 24 3.9 1 0 0 0 50 1 7 3 5 80 6 5 250 5 0 5 10 0 100 9 1 
Obs93 93 1 1 0 3 0 4 3 5 8 1 30 3.4 4 6 1 2 3 0 1 6 7 10000 5 7 1000 6 0 8 10 0 100 7 1 
Obs94 94 0 0 1 1 1 0 5 3 5 1 27 3.3 4 7 1 0 1 1 3 3 6 100 6 10 64 8 1 0 10 20 0 4 1 
Obs95 95 0 0 0 0 1 0 7 0 3 1 27 3.4 0 0 3 0 2 1 2 4 7 60 5 8 190 5 1 6 6 15 70 7 1 
Obs96 96 0 0 1 1 1 0 0 5 1 0 26 3.8 6 15 1 0 10 1 5 4 8 200 1 5 800 7 1 4 8 15 90 3 1 
Obs97 97 1 1 0 2 1 0 6 0 5 1 26 3.7 3 0 5 2 2 1 3 5 5 100 5 10 30 2 0 6 4 0 30 9 1 
Obs98 98 1 1 0 3 1 3 0 3 3 0 23 3.2 0 0 1 1 2 1 3 1 3 55 5 10 63 3 0 5 5 0 100 7 1 
Obs99 99 1 1 0 2 1 0 0 6 7 1 24 4 3 5 4 0 5 1 7 6 0 110 2 10 135 0 0 5 7 30 70 8 1 
Obs100 100 1 1 0 2 1 0 0 6 4 0 29 3.5 2 0 0 0 4 1 4 5 5 100 5 8 200 7 1 6 8 0 100 6 1 
Obs101 101 0 0 0 2 1 0 0 3 7 1 34 4 6 0 1 1 1 1 2 8 7 150 5 10 300 4 0 7 8 10 90 4 1 
Obs102 102 0 0 0 3 1 1 0 6 5 1 21 3.3 0 15 2 1 1 1 4 15 8 120 6 8 80 10 0 8 8 0 50 6 1 
Obs103 103 0 0 0 2 1 4 2 7 6 1 25 3.4 3 0 0 0 10 1 3 2 5 90 5 4 60 5 0 4 10 10 50 5 1 
Obs104 104 0 0 0 2 1 0 6 4 6 0 32 4 1 7 3 2 0 1 1 3 2 70 5 10 250 3 0 5 8 0 100 1 1 
Obs105 105 1 1 1 2 1 0 1 4 6 1 28 3.8 12 0 0 1 3 1 4 20 5 80 6 7 200 5 2 6 8 0 100 2 1 
Obs106 106 0 0 0 2 1 2 0 5 4 0 25 2.7 0 0 0 0 12 0 3 5 6 50 2 10 24 3 0 6 9 10 0 5 1 
Obs107 107 1 1 1 1 1 0 0 9 0 1 33 3.4 12 10 1 1 2 1 5 5 6 1000 1 4 200 9 1 3 10 40 70 9 1 
Obs108 108 0 0 0 3 1 2 6 7 7 1 29 2.7 4 4 4 4 4 0 2 6 5 150 6 5 40 6 0 5 7 0 30 7 1 
Obs109 109 1 1 0 1 0 3 7 1 9 1 27 3.7 0 0 0 0 8 1 4 4 0 60 5 2 100 4 1 3 8 0 100 7 1 
Obs110 110 1 1 0 2 1 0 0 5 0 0 27 3.6 7 6 0 0 9 1 7 4 5 100 5 10 140 2 0 5 9 0 90 8 1 
Obs111 111 1 1 0 2 1 3 0 9 2 1 29 3.8 0 0 0 0 6 1 3 5 4 80 5 10 21 3 0 3 10 0 100 7 1 
Obs112 112 1 1 0 3 1 2 5 4 4 0 18 3 3 2 3 0 4 0 3 3 5 45 5 10 30 4 0 4 8 10 10 3 1 
Obs113 113 1 1 0 1 1 0 7 0 8 0 36 3.7 0 0 20 4 3 0 1 8 2 60 3 10 16 0 3 8 9 0 10 5 1 
Obs114 114 1 1 1 2 1 0 6 0 6 0 27 3.3 10 15 2 0 6 1 3 15 5 100 6 10 40 2 0 1 9 0 30 9 1 
Obs115 115 1 1 0 2 1 1 0 9 5 1 26 3.4 2 3 1 1 50 1 1 4 5 150 2 7 80 2 0 4 7 15 20 8 1 
Obs116 116 1 1 1 2 1 0 1 4 4 1 30 3.9 50 10 7 2 7 1 4 5 5 90000 5 7 90000 3 0 3 10 0 0 6 1 
Obs117 117 1 1 0 3 1 0 0 5 3 0 25 3.9 3 0 0 0 3 1 4 3 6 103 2 10 180 1 0 5 9 0 90 7 1 
Obs118 118 0 0 1 3 1 2 0 5 3 1 27 1.9 15 35 6 2 5 1 10 5 5 200 2 10 20 3 0 4 10 0 0 0 1 
Obs119 119 0 0 0 1 0 0 0 1 2 0 24 3.6 2 3 1 1 4 1 1 2 5 85 5 10 130 2 5 2 10 0 30 6 1 
Obs120 120 1 1 1 2 1 0 0 2 2 0 24 3.6 10 5 5 1 1 1 2 10 5 150 6 8 200 4 0 3 7 5 90 8 1 
Obs121 121 1 1 0 2 1 0 0 2 8 1 23 3.5 3 2 2 1 2 1 5 7 2 70 5 1 100 5 4 7 9 0 20 9 1 
Obs122 122 0 0 0 2 1 0 0 5 5 1 25 3.3 50 50 50 25 7 1 3 5 10 300 5 0 500 8 1 2 10 0 50 5 1 
Obs123 123 0 0 0 3 1 2 0 0 7 1 26 3.1 1 1 1 1 7 0 3 5 8 200 6 10 40 7 0 6 10 0 10 3 1 
Obs124 124 1 1 0 3 1 2 0 6 4 1 25 3.2 4 4 2 2 3 1 1 10 6 60 5 3 75 4 2 5 8 0 40 7 1 
Obs125 125 1 1 0 3 1 0 7 1 2 1 27 3.5 10 6 7 0 4 1 3 6 5 150 5 10 70 1 0 5 6 0 80 3 1 
Obs126 126 0 0 0 2 1 0 6 0 9 1 28 2.8 11 15 5 2 4 1 10 8 0 80 2 7 180 1 0 6 9 0 90 9 1 
Obs127 127 1 1 0 0 1 0 6 0 6 0 26 3.8 4 7 3 1 3 1 3 4 5 70 5 10 60 4 0 5 7 0 30 2 1 
Obs128 128 1 1 0 1 1 5 7 0 6 0 26 3.9 3 5 3 2 4 1 2 3 0 60 5 10 55 3 0 7 7 0 100 10 1 
Obs129 129 0 0 1 2 1 0 1 2 2 0 26 3.5 2 2 2 0 8 1 2 10 8 165 5 7 200 3 0 8 10 0 90 8 1 
Obs130 130 1 1 0 3 1 2 0 8 0 0 22 2.5 6 4 3 3 2 1 4 3 5 90 5 10 45 5 1 4 9 10 80 8 1 
Obs131 131 0 0 0 3 0 3 5 0 8 1 31 3.9 5 15 1 1 3 1 2 5 9 1000 6 5 1000 5 1 9 10 5 90 7 1 
Obs132 132 1 1 0 2 1 0 7 0 7 1 27 4 5 7 3 0 3 1 3 12 5 100 5 9 200 5 2 6 8 0 90 4 1 
Obs133 133 1 1 0 3 1 3 4 3 5 1 29 3.3 0 0 0 0 1 1 4 3 6 50 6 10 17 4 0 1 7 15 0 2 1 
Obs134 134 1 1 0 3 1 1 0 1 0 0 18 2 0 3 10 1 3 1 5 3 5 500 5 10 10 2 0 5 10 25 0 3 1 
Obs135 135 0 0 0 2 1 0 0 6 5 0 22 2.8 10 0 1 1 0 1 2 2 10 100 5 0 60 7 1 0 10 0 0 5 1 
Obs136 136 1 1 0 2 1 4 2 6 6 1 26 3.3 0 0 0 0 22 1 4 3 5 200 5 10 20 7 0 7 8 0 100 9 1 
Obs137 137 1 1 1 2 1 0 1 3 2 1 22 3 6 3 5 0 6 1 4 4 5 300 5 7 500 7 1 5 8 0 0 5 1 
Obs138 138 1 1 0 2 1 4 2 2 2 1 25 3 2 4 0 0 2 1 2 2 5 400 5 10 90 2 0 2 7 0 90 10 1 
Obs139 139 1 1 0 1 1 0 0 4 3 0 25 3.5 3 1 0 0 7 1 6 3 5 1000 5 5 260 7 1 5 7 0 100 8 1 
Obs140 140 1 1 0 0 1 0 0 10 9 1 34 4 0 0 0 0 1 1 2 5 5 100 5 4 120 9 1 3 9 10 80 2 1 
Obs141 141 1 1 0 2 1 2 0 8 5 0 26 3.7 12 15 1 3 20 1 6 7 0 100 5 10 150 4 0 5 10 0 80 7 1 
Obs142 142 1 1 0 2 1 0 0 5 8 1 26 4 3 20 1 1 5 1 3 2 0 100 1 0 200 5 1 3 9 0 90 10 1 
Obs143 143 0 0 0 1 1 0 0 10 7 1 26 3.6 0 0 0 1 2 0 3 5 4 75 1 4 85 8 1 8 9 0 60 5 1 
Obs144 144 1 1 0 3 1 5 0 1 5 1 22 3.3 1 2 2 3 5 1 5 10 4 80 6 1 90 5 0 2 4 0 100 1 1 
Obs145 145 0 0 0 0 1 0 0 3 3 0 24 3.2 10 10 0 1 1 1 4 3 8 120 1 10 35 10 1 4 6 45 0 8 1 
Obs146 146 1 1 0 1 1 0 1 5 2 0 28 3.7 11 16 3 2 18 1 3 10 8 10000 5 6 90 2 0 4 10 0 100 2 1 
Obs147 147 0 0 1 3 1 0 0 5 1 1 29 2.9 50 30 50 0 9 1 3 5 0 100 5 10 200 5 4 8 10 0 70 9 1 
Obs148 148 0 0 0 2 1 0 2 6 8 1 30 3.8 0 0 0 1 2 1 2 5 6 250 5 3 900 8 1 7 10 0 100 10 1 
Obs149 149 0 0 1 2 1 0 2 8 1 1 31 3.9 0 0 0 0 0 1 3 3 5 200 5 10 50 4 2 5 5 0 0 2 1 
Obs150 150 1 1 0 3 1 0 0 4 3 1 28 3.2 14 6 0 0 3 1 5 4 2 500 5 5 90000 3 0 5 7 0 100 2 1 
Obs151 151 1 1 0 2 1 0 0 2 7 0 24 3.7 5 5 0 0 7 1 6 5 0 90 5 7 110 3 0 6 10 0 10 8 1 
Obs152 152 1 1 0 2 1 5 1 5 0 1 25 3 5 2 2 1 1 1 6 5 5 100 2 8 100 2 2 5 8 20 100 9 1 
Obs153 153 1 1 0 1 1 0 0 8 7 1 28 4 12 11 0 0 6 1 3 6 3 95 5 8 260 4 0 5 8 0 80 8 1 
Obs154 154 1 1 0 2 1 0 5 3 7 1 27 3.5 5 3 0 0 7 1 2 6 5 170 5 5 200 4 4 4 5 0 90 0 1 
Obs155 155 0 0 0 2 1 0 0 6 4 0 25 4 20 15 1 2 7 1 2 8 5 250 5 2 300 3 0 0 8 15 10 3 1 
Obs156 156 0 0 0 3 1 4 2 3 7 1 27 3.1 1 2 5 1 1 1 3 3 10 5000 5 6 100 5 5 9 7 0 90 7 1 
Obs157 157 1 1 0 0 1 5 2 4 1 0 29 4 0 0 0 0 2 1 5 3 0 80 5 10 80 0 0 5 8 0 0 10 1 
Obs158 158 0 0 0 2 1 2 7 6 4 1 21 3.2 0 0 3 3 7 1 7 6 5 10000 2 10 47 1 0 0 10 0 90 0 1 
Obs159 159 1 1 1 3 1 1 5 3 3 0 19 2.9 4 3 4 3 7 1 5 15 5 500 6 3 80 5 0 6 10 10 0 0 1 
Obs160 160 0 0 0 0 1 0 5 4 1 0 23 3.4 5 12 10 1 2 1 4 6 5 100 5 8 200 7 1 2 9 20 20 10 1 
Obs161 161 1 1 0 2 1 0 6 2 1 0 28 3.9 6 6 3 1 4 1 4 8 3 45 5 7 50 3 4 5 7 0 70 5 1 
Obs162 162 1 1 0 2 1 0 0 7 8 1 33 4 12 30 3 1 3 1 4 10 5 100 5 8 130 8 1 3 9 5 90 10 1 
Obs163 163 1 1 0 0 1 0 7 0 1 0 21 2.9 0 2 0 0 2 1 8 1 10 90 2 5 30 5 2 5 7 20 40 10 1 
Obs164 164 1 1 0 2 1 3 0 7 0 1 29 2.5 0 0 1 2 4 0 10 3 5 69 2 10 100 1 5 6 9 0 70 7 1 
Obs165 165 0 0 0 2 1 1 0 2 4 0 28 3.3 6 8 1 2 1 1 2 13 9 999 5 3 300 2 2 6 2 20 30 3 1 
Obs166 166 1 1 0 0 1 0 0 5 5 1 33 3.7 5 5 6 2 7 1 2 5 7 75 1 0 450 10 1 2 8 0 100 0 1 
Obs167 167 1 1 0 1 0 3 5 1 8 1 34 4 15 0 1 3 1 1 2 2 0 60 6 1 55 5 1 5 8 0 100 3 1 
Obs168 168 1 1 0 2 1 0 1 4 2 0 28 3.7 14 20 3 1 14 1 7 8 5 60 5 7 500 0 0 5 10 0 100 9 1 
Obs169 169 0 0 0 3 1 5 6 0 8 1 25 3.4 9 4 5 1 3 1 9 11 10 4000 6 10 40 0 0 10 10 30 10 4 1 
Obs170 170 1 1 1 2 1 0 7 0 7 1 33 4 6 6 4 1 5 1 2 5 7 100 5 10 150 0 0 5 10 5 100 5 1 
Obs171 171 0 0 1 2 1 0 1 3 5 1 28 4 4 15 1 0 5 1 2 10 0 300 5 7 250 7 1 3 9 0 100 8 1 
Obs172 172 0 0 0 0 1 0 0 7 3 0 25 3.5 0 0 1 1 5 1 4 2 6 80 1 3 100 10 1 6 8 10 0 2 1 
Obs173 173 0 0 1 2 1 0 0 2 3 0 30 3 10 33 5 2 1 1 2 4 5 150 6 5 200 1 0 1 10 0 80 4 1 
Obs174 174 1 1 0 3 1 1 5 4 0 1 22 3.1 1 0 0 0 29 1 7 12 9 400 6 3 2 4 5 1 10 0 70 6 1 
Obs175 175 1 1 0 2 1 4 3 2 4 1 33 3.9 2 1 1 3 3 1 5 15 0 200 6 8 210 2 0 7 9 0 90 8 1 
Obs176 176 0 0 0 3 1 1 7 4 7 0 19 3.8 7 7 4 7 2 1 5 5 5 100 5 10 8 5 0 5 8 0 10 10 1 
Obs177 177 1 1 0 2 1 2 0 3 0 1 30 3.3 0 0 1 1 9 1 2 4 10 1000 5 10 52 5 0 5 8 0 100 8 1 
Obs178 178 1 1 0 3 1 2 5 4 5 1 19 3.7 2 0 1 1 6 1 3 6 0 85 5 10 40 1 0 7 8 10 0 5 1 
Obs179 179 1 1 1 0 1 0 0 7 0 0 23 2.7 2 0 5 2 2 1 8 2 0 100 6 10 80 5 1 5 10 0 70 10 1 
Obs180 180 0 0 1 0 1 0 0 4 2 0 29 3.1 4 15 0 1 1 1 2 3 4 95 4 4 110 5 2 6 8 0 50 7 1 
Obs181 181 0 0 0 1 0 3 4 3 5 1 26 4 1 0 0 2 2 1 5 3 7 5000 5 8 200 1 1 7 8 0 100 6 1 
Obs182 182 0 0 0 2 1 0 5 5 1 0 21 3.5 5 6 0 0 6 1 7 6 5 100 5 10 20 3 1 3 8 0 10 8 1 
Obs183 183 1 1 0 2 1 0 1 8 7 1 29 3.8 6 3 0 0 6 1 3 7 5 150 5 5 200 3 0 5 9 0 100 6 1 
Obs184 184 0 0 1 2 1 0 0 2 3 1 28 3.3 5 10 3 0 3 1 3 15 5 900 5 10 400 5 0 10 7 0 100 5 1 
Obs185 185 0 0 0 2 1 0 0 5 3 1 27 3.5 2 2 2 2 5 1 3 5 5 10000 5 8 10000 5 0 5 8 10 100 4 1 
Obs186 186 1 1 0 2 1 4 5 4 6 1 27 3.6 4 2 2 1 1 1 4 30 5 80 2 7 500 4 0 6 7 15 90 6 1 
Obs187 187 1 1 0 3 1 2 0 3 4 0 28 4 4 0 3 1 2 1 5 6 5 75 6 10 30 2 0 5 10 15 0 0 1 
Obs188 188 1 1 0 2 1 0 0 3 6 1 25 3.7 5 5 0 0 10 1 3 4 10 75 1 7 75 5 1 7 10 0 100 10 1 
Obs189 189 1 1 0 2 1 0 0 1 9 1 30 3.8 6 6 0 0 1 1 3 7 0 60 5 10 70 2 0 5 8 15 60 9 1 
Obs190 190 1 1 0 2 1 5 4 7 2 1 24 4 15 4 1 4 10 1 5 25 8 350 2 8 37 1 2 0 4 0 10 7 1 
Obs191 191 1 1 0 2 1 2 0 5 1 0 19 3.5 6 3 0 0 4 1 5 2 4 75 5 8 29 3 0 5 9 20 10 5 1 
Obs192 192 1 1 0 3 1 2 5 3 0 1 22 3.9 19 19 2 1 3 1 7 3 5 700 5 10 45 4 0 5 7 0 0 0 1 
Obs193 193 1 1 0 2 1 0 1 4 3 0 25 3.5 2 1 1 1 5 1 3 5 5 150 5 10 160 2 0 8 7 5 30 8 1 
Obs194 194 0 0 0 2 1 0 0 0 0 1 25 3 6 8 5 3 1 1 2 5 3 100 3 2 100 5 3 3 2 10 30 8 1 
Obs195 195 1 1 0 0 1 0 5 3 5 0 20 3.3 5 3 3 0 0 1 5 5 5 50 5 10 100 1 5 3 7 0 10 10 1 
Obs196 196 1 1 1 2 1 2 0 5 7 1 23 3.7 4 5 0 1 2 0 4 3 7 60 6 7 40 7 0 5 6 0 0 3 1 
Obs197 197 1 1 0 2 1 0 0 7 6 0 30 4 5 4 0 1 7 1 3 6 6 100 5 8 62 3 0 4 9 0 60 10 1 
Obs198 198 1 1 0 2 1 1 0 4 6 1 22 3.7 4 3 0 0 3 1 6 4 8 92 5 10 54 3 0 4 5 0 70 7 1 
Obs199 199 0 0 0 0 1 0 6 5 6 0 25 2.8 6 0 0 1 2 1 3 5 5 70 5 7 100 3 2 8 9 25 60 2 1 
Obs200 200 0 0 1 2 1 0 0 5 2 0 24 3.5 12 30 7 0 7 1 4 5 7 250 5 10 120 5 1 3 8 5 0 5 1 
Obs201 201 0 0 0 3 0 3 7 1 4 1 30 2.3 0 0 0 0 1 1 2 1 7 120 5 0 150 5 0 5 9 0 100 4 1 
Obs202 202 1 1 0 2 1 0 0 8 3 1 26 3.9 0 0 1 1 14 1 8 5 5 76 5 5 150 5 1 4 8 0 50 10 1 
Obs203 203 1 1 0 1 1 0 0 5 6 0 28 3.8 10 6 0 0 1 1 2 4 5 100 5 5 110 4 0 4 6 0 80 7 1 
Obs204 204 1 1 1 1 1 0 0 3 6 0 25 3.5 10 5 1 1 2 1 3 4 5 75 2 10 100 0 4 4 8 10 50 6 1 
Obs205 205 1 1 1 3 1 2 0 4 6 0 24 3 15 30 13 3 4 1 3 9 0 150 5 10 250 2 0 6 10 0 100 7 1 
Obs206 206 1 1 1 2 1 0 0 6 4 1 29 3.8 9 12 0 0 1 1 3 9 7 70 6 5 200 8 1 4 9 0 100 5 1 
Obs207 207 1 1 1 2 1 0 1 7 7 0 20 3 2 0 5 3 9 1 4 6 6 60 5 10 60 3 0 5 10 20 50 9 1 
Obs208 208 1 1 1 2 1 0 7 0 7 1 28 3.6 10 20 4 2 10 1 2 10 0 100 5 10 180 0 0 5 9 0 80 10 1 
Obs209 209 1 1 0 3 1 1 5 4 2 0 22 4 2 0 6 0 7 1 10 4 5 800 5 10 30 3 0 2 7 0 90 1 1 
Obs210 210 1 1 0 2 1 0 0 3 7 1 29 3.9 12 10 2 1 4 1 5 10 5 70 5 10 200 4 0 5 10 0 90 3 1 
Obs211 211 1 1 0 3 1 1 0 4 7 0 25 3 4 3 2 1 5 1 8 5 7 200 5 10 50 1 0 5 6 0 90 5 1 
Obs212 212 1 1 0 1 0 3 7 0 3 1 33 3.3 4 0 1 0 7 1 2 5 10 30 5 10 40 5 5 5 10 0 100 2 1 
Obs213 213 0 0 0 0 1 5 7 0 8 1 27 2.8 5 6 7 0 4 1 2 5 7 150 2 10 140 2 0 5 7 20 60 7 1 
Obs214 214 0 0 1 2 1 1 0 10 8 1 25 3.2 7 4 2 0 5 1 5 4 0 150 6 10 60 8 1 6 8 10 10 9 1 
Obs215 215 0 0 0 3 1 1 0 5 10 1 21 3.4 4 5 3 3 3 1 4 3 5 200 2 10 30 5 0 5 10 10 0 10 1 
Obs216 216 1 1 1 2 1 0 0 3 4 0 28 3.7 15 10 2 2 7 1 3 10 0 100 6 0 200 5 1 0 10 5 100 4 1 
Obs217 217 0 0 0 3 1 0 0 3 1 1 21 2.8 20 35 20 1 5 1 6 10 5 100 1 0 175 10 5 0 10 0 20 5 1 
Obs218 218 0 0 0 2 1 1 0 7 3 1 22 3 4 0 22 1 6 1 3 5 5 999 5 10 120 1 0 1 9 0 0 5 1 
Obs219 219 0 0 0 3 0 3 4 3 0 0 25 3.4 10 2 4 2 1 0 10 3 5 30 5 5 62 5 5 0 3 0 100 2 1 
Obs220 220 1 1 0 2 1 1 0 6 10 1 22 3.8 4 3 1 1 0 1 3 6 8 90 5 5 0 3 0 7 3 0 0 8 1 
Obs221 221 1 1 1 0 1 0 7 0 3 1 28 3.8 8 8 1 1 1 1 5 10 4 100 5 10 130 2 0 5 9 0 30 9 1 
Obs222 222 0 0 0 3 1 5 6 0 5 1 28 3.4 10 3 1 1 2 1 2 3 0 100 5 10 63 2 0 10 9 0 0 2 1 
Obs223 223 1 1 1 0 1 0 0 5 7 1 27 3.4 20 30 3 2 3 1 5 10 3 50 6 8 200 6 2 2 8 0 80 6 1 
Obs224 224 1 1 0 2 1 0 6 2 2 0 21 4 0 0 0 0 2 1 2 4 4 70 2 10 90 1 0 8 10 10 70 3 1 
Obs225 225 1 1 0 2 0 2 5 2 3 1 27 2.7 6 6 0 1 0 0 5 5 5 25 3 9 75 1 3 6 1 5 0 8 1 
Obs226 226 1 1 1 2 1 2 0 1 0 1 30 3.6 15 30 10 1 10 1 2 5 5 90 5 1 175 5 0 2 10 0 90 10 1 
Obs227 227 1 1 0 3 1 3 5 1 6 0 19 3.2 3 6 3 3 4 1 5 3 6 40 5 5 36 5 5 5 7 0 20 8 1 
Obs228 228 1 1 0 3 1 5 6 1 8 1 33 3.9 8 5 1 2 2 1 2 3 6 75 5 10 75 2 0 4 8 0 30 10 1 
Obs229 229 1 1 0 2 1 0 0 10 6 1 24 3.1 6 0 4 1 7 1 8 9 5 80 6 10 45 3 0 6 7 0 10 4 1 
Obs230 230 1 1 1 1 1 0 0 4 7 0 27 2.4 5 15 12 5 2 1 4 5 5 60 5 4 200 7 1 3 7 10 100 5 1 
Obs231 231 1 1 0 2 0 4 7 0 3 1 34 3.5 10 20 4 1 4 1 3 4 6 200 5 10 300 0 0 5 9 15 100 7 1 
Obs232 232 0 0 1 2 1 0 0 8 7 1 27 3.3 15 25 1 1 10 1 5 3 7 500 6 5 500 7 1 5 9 0 90 5 1 
Obs233 233 1 1 0 0 1 0 7 0 3 1 26 3.8 4 0 1 3 2 0 3 4 5 90 5 8 200 0 0 3 7 0 20 6 1 
Obs234 234 1 1 0 2 1 0 0 8 2 0 28 4 0 0 2 2 2 1 2 5 2 190 5 7 160 7 1 4 9 0 100 8 1 
Obs235 235 0 0 1 2 1 0 0 3 3 1 25 3.1 12 10 2 1 1 1 1 5 5 100 6 8 200 5 5 6 10 0 100 3 1 
Obs236 236 1 1 0 3 1 1 0 7 6 1 20 3.3 8 0 1 1 20 1 2 7 10 200 5 5 200 5 0 6 10 10 90 8 1 
Obs237 237 1 1 0 2 1 0 0 8 3 1 30 4 10 12 1 0 30 1 4 5 5 65 1 1 100 9 1 3 8 10 0 7 1 
Obs238 238 1 1 0 2 1 0 0 8 5 0 25 3.2 10 15 2 0 7 1 4 15 3 100 1 8 200 8 1 5 7 10 20 8 1 
Obs239 239 1 1 0 2 1 0 0 1 5 1 29 3.5 15 10 1 0 7 1 4 12 5 40 5 5 40 1 0 5 7 0 90 8 1 
Obs240 240 1 1 0 3 1 2 0 7 8 1 22 3.6 2 1 1 3 7 1 4 4 5 80 5 10 32 2 0 5 10 0 100 7 1 
Obs241 241 0 0 0 2 1 0 0 1 6 1 26 3.6 10 10 2 0 1 1 3 10 3 100 6 5 200 5 5 7 9 0 70 2 1 
Obs242 242 1 1 0 2 1 0 0 8 7 1 30 4 0 0 0 1 7 0 1 7 2 150 5 10 46 4 1 5 10 0 100 8 1 
Obs243 243 0 0 0 0 1 0 0 2 2 1 29 3.2 8 10 2 1 3 1 2 10 5 250 6 6 1200 4 5 4 8 15 100 6 1 
Obs244 244 1 1 1 1 1 0 7 0 2 0 26 3.3 10 20 2 2 5 1 5 3 5 60 5 6 60 4 0 5 10 0 0 0 1 
Obs245 245 0 0 0 0 1 0 5 2 10 1 34 3.4 0 0 0 0 2 0 1 1 7 150 5 8 100 5 5 3 8 0 20 6 1 
Obs246 246 1 1 0 0 1 5 0 7 6 1 28 3.8 4 15 1 1 2 1 6 4 7 100 5 10 60 2 0 4 9 5 100 2 1 
Obs247 247 0 0 0 0 1 0 7 0 6 1 30 2.6 0 0 0 0 4 0 1 5 10 78 6 7 130 6 2 7 9 0 50 7 1 
Obs248 248 0 0 0 1 1 5 1 5 5 1 29 4 8 15 1 1 2 1 2 5 10 400 1 4 200 8 1 4 9 0 80 4 1 
Obs249 249 1 1 0 2 1 0 0 3 8 1 29 3.7 3 0 0 1 5 1 4 3 2 95 5 7 130 3 0 3 8 0 100 6 1 
Obs250 250 1 1 0 2 1 3 0 5 3 0 26 3.3 7 5 3 1 1 1 5 5 5 75 2 10 90 1 0 9 0 0 100 9 1 
Obs251 251 0 0 0 0 1 3 7 1 9 0 32 3.8 0 0 0 1 0 0 4 4 6 350 5 10 500 3 0 7 8 0 80 8 1 
Obs252 252 1 1 1 2 1 0 0 3 0 0 28 3.7 7 15 6 4 7 1 2 30 8 110 5 4 300 4 2 1 10 0 100 7 1 
Obs253 253 1 1 0 2 1 3 6 2 2 0 27 3.8 2 1 1 0 1 1 3 3 5 100 5 10 60 2 0 2 10 0 90 10 1 
Obs254 254 1 1 0 2 1 2 0 2 6 1 31 3.8 6 4 1 1 10 1 2 5 5 150 5 10 180 4 2 7 10 0 100 2 1 
Obs255 255 1 1 0 3 1 2 5 7 3 0 26 3.1 6 12 1 2 3 1 3 3 7 70 5 10 35 1 0 5 9 20 20 8 1 
Obs256 256 1 1 0 1 1 2 5 4 8 0 22 4 0 0 2 1 4 1 3 2 0 70 2 10 20 0 0 7 9 35 0 10 1 
Obs257 257 1 1 0 2 1 0 0 6 3 0 31 3.8 5 3 1 0 2 1 2 5 4 45 5 5 150 4 0 5 7 0 90 5 1 
Obs258 258 1 1 0 2 1 4 2 7 2 0 23 2.5 3 4 1 2 4 1 1 3 0 190 5 10 30 0 0 8 7 0 10 4 1 
Obs259 259 0 0 1 3 1 0 0 5 8 1 33 3.4 8 30 6 3 4 1 3 3 7 560 6 5 800 5 2 3 9 15 100 8 1 
Obs260 260 0 0 0 2 1 2 7 0 0 1 31 3.4 0 0 30 3 4 0 5 5 5 30 2 10 20 0 0 5 10 15 0 7 1 
Obs261 261 0 0 0 2 1 1 0 9 6 1 23 3.1 4 5 16 0 0 0 7 4 7 1000 6 8 50 8 5 3 7 0 40 9 1 
Obs262 262 1 1 1 2 1 4 3 2 8 1 31 3 10 12 0 0 7 1 3 12 5 110 6 5 160 1 0 3 9 0 0 10 1 
Obs263 263 1 1 0 2 1 0 0 5 2 0 24 4 6 0 3 2 5 1 4 6 5 80 5 0 100 5 1 3 8 0 70 3 1 
Obs264 264 1 1 0 3 0 3 4 7 3 1 33 3.9 0 0 0 0 14 1 3 3 8 20000 5 5 20000 5 0 3 10 0 100 7 1 
Obs265 265 0 0 0 3 0 3 4 2 8 1 29 3.8 4 0 0 0 2 1 5 3 6 1000 5 10 5000 4 1 6 10 5 100 4 1 
Obs266 266 0 0 0 2 1 2 7 0 6 1 29 3.8 1 1 1 2 0 1 2 2 6 80 6 10 40 3 0 0 8 0 10 1 1 
Obs267 267 1 1 0 1 1 0 7 0 5 1 30 3.3 0 0 3 0 3 1 1 4 4 50 5 6 200 2 0 4 4 20 60 1 1 
Obs268 268 1 1 0 3 1 0 6 0 7 0 26 3.5 10 15 1 4 10 1 2 8 5 120 5 9 60 2 0 5 9 0 30 2 1 
Obs269 269 1 1 0 2 1 0 0 6 6 1 30 3.8 6 8 1 3 7 1 3 10 5 120 5 5 120 5 0 5 9 0 40 5 1 
Obs270 270 1 1 1 2 1 0 0 9 5 0 28 3.8 10 8 1 1 3 1 5 15 5 100 5 7 300 3 0 4 9 0 90 8 1 
Obs271 271 1 1 0 0 1 0 0 6 3 1 26 3.7 6 10 0 0 5 1 2 5 5 200 5 5 200 5 0 5 7 5 90 2 1 
Obs272 272 0 0 0 2 1 0 2 8 4 0 29 3.5 0 0 0 0 5 0 2 7 3 250 5 10 115 4 0 3 10 0 0 10 1 
Obs273 273 1 1 0 3 1 0 0 2 8 1 31 3.8 8 10 0 0 5 1 8 10 5 200 5 10 125 2 0 4 10 0 100 3 1 
Obs274 274 1 1 1 2 1 0 0 2 5 0 32 3.8 25 50 1 2 3 1 8 10 7 400 5 8 500 2 0 4 9 5 100 7 1 
Obs275 275 0 0 0 2 1 1 0 10 0 0 20 3.1 4 4 25 3 1 1 4 5 6 200 2 8 62 4 2 8 6 10 0 8 1 
Obs276 276 1 1 0 2 1 0 0 3 2 0 26 3.9 4 2 2 1 4 1 1 4 2 1000 5 7 170 4 0 5 8 0 100 8 1 
Obs277 277 0 0 0 2 1 3 4 1 5 1 26 3 0 0 0 0 1 0 1 0 5 99 1 10 62 5 5 1 2 5 30 6 1 
Obs278 278 1 1 0 2 1 2 7 0 6 0 27 3.4 6 4 5 0 50 1 4 10 10 90000 5 10 300 2 0 5 8 0 40 0 1 
Obs279 279 1 1 1 2 1 0 0 5 1 1 30 3.8 8 5 0 0 5 1 2 5 7 200 5 10 400 3 0 4 10 0 90 6 1 
Obs280 280 1 1 1 3 1 2 5 10 7 1 26 3.5 15 9 4 1 3 1 2 4 5 132 5 10 30 0 2 0 10 10 0 7 1 
Obs281 281 1 1 0 3 1 3 4 7 6 0 22 2.7 5 5 10 2 4 1 6 3 0 60 5 8 70 0 0 0 10 0 100 5 1 
Obs282 282 0 0 1 2 1 0 0 2 2 1 29 4 18 50 2 1 3 1 2 17 8 250 5 10 275 3 0 7 10 20 90 2 1 
Obs283 283 1 1 0 0 1 0 7 0 0 0 22 3.2 4 2 9 4 10 1 6 2 2 80 2 10 53 5 0 3 10 0 50 6 1 
Obs284 284 1 1 0 2 1 1 0 10 1 1 26 4 0 0 0 0 7 1 3 7 5 100 5 7 67 5 2 4 10 0 10 7 1 
Obs285 285 1 1 0 2 1 4 3 6 2 1 33 3.1 8 40 0 0 4 1 2 10 10 200 5 8 175 5 1 0 10 30 90 9 1 
Obs286 286 1 1 0 2 1 0 0 5 4 0 26 3.9 6 8 1 1 3 1 3 3 6 100 5 0 275 9 1 3 9 10 50 7 1 
Obs287 287 0 0 0 2 1 1 0 5 7 1 27 3.6 0 0 1 1 2 1 4 2 8 300 2 8 500 0 0 6 10 0 60 3 1 
Obs288 288 0 0 0 3 0 3 7 0 8 1 30 3.7 2 2 13 8 2 0 0 5 10 30 5 5 1500 8 1 2 8 0 100 10 1 
Obs289 289 0 0 0 1 0 0 0 10 5 0 24 3.2 0 0 1 1 3 1 2 3 5 350 1 0 60 10 1 3 9 35 100 2 1 
Obs290 290 1 1 0 3 1 2 5 5 3 0 22 3.2 2 0 2 2 2 1 4 3 0 80 5 10 40 2 0 5 10 0 0 0 1 
Obs291 291 1 1 0 2 1 0 1 5 4 1 23 3.4 8 4 2 0 4 1 6 10 3 60 6 0 600 5 1 3 7 0 100 3 1 
Obs292 292 1 1 1 2 1 0 1 3 4 1 31 3.7 8 6 0 0 2 1 3 6 6 80 5 5 100 3 0 1 8 0 100 4 1 
Obs293 293 0 0 1 2 1 0 7 0 7 1 33 3.8 4 7 6 1 4 0 1 5 2 120 5 8 250 5 2 7 6 0 100 7 1 
Obs294 294 1 1 0 2 1 0 0 0 5 1 32 3.8 0 0 0 0 7 1 8 4 5 55 5 8 100 2 0 5 9 0 40 9 1 
Obs295 295 1 1 0 0 1 0 0 8 8 1 27 3.9 1 0 1 1 4 1 2 4 5 100 5 5 95 6 1 5 9 20 10 8 1 
Obs296 296 1 1 0 3 1 0 0 2 4 0 28 3.7 7 4 1 0 6 1 2 5 2 50 5 10 65 1 0 7 5 0 40 5 1 
Obs297 297 0 0 0 2 1 0 0 10 5 0 30 4 0 0 0 1 1 1 0 7 4 100 1 0 55 8 1 1 10 0 50 10 1 
Obs298 298 1 1 0 1 0 3 7 0 8 1 29 3.8 0 1 1 1 1 0 2 3 8 100 5 2 80 5 5 6 7 10 100 2 1 
Obs299 299 1 1 0 3 1 1 0 8 7 0 23 2.8 0 1 4 2 10 1 4 5 10 98 2 4 5 7 0 0 8 25 90 8 1 
Obs300 300 1 1 0 3 1 1 0 7 4 0 22 1.5 4 4 1 1 5 1 4 3 7 15400 5 2 8 8 0 5 5 20 0 7 1 
Obs301 301 1 1 0 1 1 0 6 2 2 0 28 3.9 1 1 1 0 0 1 3 10 5 50 2 10 130 0 0 5 10 0 100 10 1 
Obs302 302 1 1 0 3 1 2 6 0 9 1 25 3.8 9 16 8 2 4 1 2 2 6 95 5 8 100 0 0 5 8 0 80 0 1 
Obs303 303 1 1 1 2 1 0 0 3 1 1 31 4 1 0 0 0 15 1 2 6 4 100 5 7 160 2 0 4 10 0 90 4 1 
Obs304 304 1 1 0 0 1 0 5 8 2 0 24 3.5 0 0 1 1 2 0 1 3 3 60 5 10 25 7 1 7 3 20 0 9 1 
Obs305 305 1 1 0 1 0 5 7 0 2 1 28 3.8 5 0 10 2 1 1 4 4 0 50 5 6 700 0 0 3 4 0 100 8 1 
Obs306 306 0 0 1 3 1 2 5 3 3 1 20 3.1 0 0 0 0 2 1 1 10 5 55 5 8 20 2 0 8 9 0 10 7 1 
Obs307 307 1 1 0 2 1 0 0 2 8 1 25 3.5 6 10 8 1 4 1 2 4 6 100 6 6 120 5 5 4 9 15 40 8 1 
Obs308 308 1 1 0 2 1 4 3 3 10 1 26 3.9 0 0 0 0 1 1 3 3 4 90 6 10 16 3 0 5 7 10 0 9 1 
Obs309 309 1 1 1 2 1 4 2 7 5 1 28 2.6 4 7 1 1 7 1 5 3 5 100 6 10 60 0 0 0 10 15 100 0 1 
Obs310 310 1 1 0 0 1 0 0 6 5 1 25 3.9 0 0 1 1 10 1 2 3 2 100 5 10 200 7 1 7 10 0 100 5 1 
Obs311 311 1 1 0 2 1 0 5 7 7 1 28 3.7 10 20 3 2 10 1 4 15 7 250 1 6 100 10 1 5 8 0 50 6 1 
Obs312 312 0 0 0 3 0 1 0 8 6 0 20 3.7 1 0 4 1 6 1 4 3 0 999 5 7 10 5 5 7 8 0 0 9 1 
Obs313 313 1 1 1 3 1 2 0 5 0 0 19 3.4 6 7 5 2 2 1 8 4 10 90 6 0 150 2 5 5 7 10 60 9 1 
Obs314 314 0 0 0 3 1 4 2 5 6 1 29 3.6 5 0 4 0 2 1 4 7 8 300 5 6 999 5 0 5 9 0 0 3 1 
Obs315 315 0 0 0 2 1 0 0 5 5 0 27 3.6 0 0 0 0 10 1 3 5 5 100 5 5 100 6 1 1 8 0 70 0 1 
Obs316 316 1 1 0 2 1 2 6 2 2 1 27 4 4 0 0 0 7 1 6 7 2 100 5 10 60 0 2 8 9 0 100 6 1 
Obs317 317 1 1 0 2 1 0 7 0 6 0 35 4 0 4 2 2 7 1 0 3 7 100 2 0 120 4 0 5 10 0 80 10 1 
Obs318 318 0 0 0 2 1 0 5 7 4 0 23 3.8 6 12 13 3 5 1 2 4 0 150 6 5 120 0 5 10 7 0 90 8 1 
Obs319 319 1 1 0 2 1 0 1 2 8 1 29 4 10 15 4 3 7 1 4 10 6 100 5 8 300 5 0 2 8 0 100 7 1 
Obs320 320 1 1 1 2 1 0 0 3 8 1 28 3.8 6 7 4 0 5 1 2 4 7 100 5 8 51 1 0 5 9 0 20 3 1 
Obs321 321 1 1 0 1 1 0 0 5 2 0 28 4 6 3 3 1 3 1 3 4 7 90 5 3 175 7 1 4 7 0 70 8 1 
Obs322 322 1 1 0 3 1 0 0 5 0 0 32 3.8 4 4 0 0 2 1 5 3 0 150 5 10 180 0 0 5 10 10 0 6 1 
Obs323 323 1 1 0 3 1 0 6 2 2 0 27 3.8 3 1 3 1 4 1 4 5 8 85 5 7 100 8 1 5 10 0 100 10 1 
Obs324 324 0 0 0 3 1 2 7 0 10 1 29 3.1 0 0 0 2 3 1 3 0 10 100 5 10 45 8 1 5 7 0 0 0 1 
Obs325 325 1 1 0 3 1 2 6 3 4 0 23 3.6 4 1 2 0 6 1 3 1 6 100 5 8 23 3 5 8 10 15 0 6 1 
Obs326 326 1 1 0 3 1 1 0 5 9 0 22 2.7 1 1 2 1 4 1 6 3 5 75 5 3 30 5 0 3 9 25 0 8 1 
Obs327 327 0 1 0 1 1 0 7 2 5 1 27 3.7 4 5 1 1 1 0 3 6 4 90 5 6 90 9 0 7 7 5 90 8 1 
Obs328 328 1 1 0 3 1 1 5 1 8 0 21 4 3 0 1 2 6 1 10 4 5 500 5 10 39 5 0 4 7 0 0 10 1 
Obs329 329 0 0 0 3 1 2 7 0 9 1 32 3.4 0 2 2 2 1 0 6 2 4 200 6 7 36 4 0 8 10 0 0 9 1 
Obs330 330 1 1 1 2 1 0 6 3 0 1 30 3.7 6 20 2 1 4 0 4 5 6 90 5 10 100 3 0 5 9 0 100 8 1 
Obs331 331 1 1 1 2 1 0 0 8 10 1 28 3.9 12 10 2 1 7 1 3 10 5 65 5 6 250 5 1 4 10 0 100 10 1 
Obs332 332 0 0 1 3 1 2 0 7 7 1 25 2.4 10 7 13 2 6 1 6 4 8 126 2 7 178 6 0 5 10 25 80 6 1 
Obs333 333 0 0 0 3 1 2 0 7 7 0 21 2.7 2 3 2 1 2 0 5 5 8 80 5 10 30 5 0 3 7 10 0 4 1 
Obs334 334 1 1 0 3 1 2 5 5 8 0 25 3.7 2 1 1 1 7 1 3 6 5 60 5 10 30 3 0 5 10 10 10 8 1 
Obs335 335 1 1 0 1 1 0 0 2 6 1 30 4 6 0 0 2 4 1 2 10 3 200 5 4 300 9 1 5 10 0 100 7 1 
Obs336 336 0 0 0 3 1 2 7 0 5 1 28 2.6 0 0 0 0 10 1 1 2 5 50 5 10 90 0 2 10 10 0 100 0 1 
Obs337 337 1 1 0 1 1 0 0 5 5 0 28 3.8 10 4 2 1 1 1 4 5 5 80 5 10 120 3 2 5 7 15 90 8 1 
Obs338 338 0 0 0 0 0 3 0 8 1 1 32 4 6 0 0 0 1 1 5 30 5 1000 5 5 1 5 4 5 10 0 100 10 1 
Obs339 339 1 1 0 3 1 1 0 3 8 0 21 1 5 2 7 1 1 1 5 4 0 80 5 10 20 0 4 4 9 10 0 6 1 
Obs340 340 0 0 0 0 1 0 0 6 5 1 28 4 0 0 1 1 3 1 3 5 5 100 5 0 150 9 1 0 10 10 30 8 1 
Obs341 341 1 1 0 3 1 2 7 0 4 0 21 2.6 0 0 1 1 5 0 3 2 5 70 5 10 16 5 5 4 10 0 0 5 1 
Obs342 342 1 1 0 3 0 3 7 1 8 1 33 4 2 0 0 2 1 1 6 7 5 200 5 7 60 8 5 6 9 0 100 4 1 
Obs343 343 1 1 0 3 1 3 0 5 2 1 28 3.5 0 0 0 0 3 1 4 4 7 80 5 10 41 5 0 2 8 0 100 6 1 
Obs344 344 1 1 0 0 1 0 4 0 7 1 29 2.7 0 0 3 2 7 0 10 5 7 100 5 5 120 0 0 5 10 0 100 9 1 
Obs345 345 1 1 0 3 1 2 6 1 0 1 27 3.9 5 0 0 1 3 1 5 5 2 35 5 3 83 2 0 4 10 5 90 4 1 
Obs346 346 1 1 0 2 1 2 5 3 8 1 22 3.7 3 2 1 0 2 1 3 8 8 85 5 10 45 3 0 7 5 5 0 7 1 
Obs347 347 1 1 1 3 1 0 0 2 4 1 27 3.6 10 4 2 1 8 1 3 4 5 600 6 6 700 6 1 4 9 5 50 3 1 
Obs348 348 1 1 1 3 1 2 0 1 8 1 22 3.8 4 5 4 1 2 1 5 3 0 90 5 10 95 4 0 6 9 10 100 10 1 
Obs349 349 1 1 0 0 1 0 7 0 3 0 25 4 0 0 0 3 7 1 3 4 5 80 2 6 180 0 0 0 3 0 100 4 1 
Obs350 350 1 1 0 2 1 0 0 9 2 0 25 3.5 0 0 0 1 3 1 1 4 6 80 2 7 50 2 0 5 8 0 100 5 1 
Obs351 351 1 1 0 2 1 0 6 2 3 1 28 3.7 0 0 0 0 1 1 0 2 2 60 5 5 150 0 0 4 8 0 60 9 1 
Obs352 352 1 1 0 2 1 0 1 4 2 0 29 3.8 3 2 13 0 5 0 3 9 5 180 5 4 142 5 5 3 10 0 40 6 1 
Obs353 353 1 1 1 2 1 2 0 5 7 1 23 3.7 4 2 1 1 10 1 3 6 0 50 5 4 28 1 0 0 10 10 0 10 1 
Obs354 354 0 0 0 3 1 1 0 0 6 0 24 3.2 4 2 3 0 2 1 5 4 2 100 6 10 50 3 5 2 10 0 0 7 1 
Obs355 355 0 0 0 2 1 0 7 0 0 0 30 3.7 1 0 0 0 2 0 2 2 4 75 5 8 75 5 2 6 9 0 70 0 1 
Obs356 356 1 1 0 3 0 2 5 2 2 0 33 3.6 1 0 0 0 5 1 3 4 6 60 5 9 61 2 0 9 10 0 100 8 1 
Obs357 357 1 1 0 3 1 2 0 7 2 0 26 3 4 2 1 1 4 1 5 4 8 15 2 5 5 5 2 8 9 15 10 8 1 
Obs358 358 1 1 0 2 1 0 0 3 6 1 27 3.7 6 4 1 1 2 1 2 3 6 90 5 6 150 4 4 4 9 0 70 8 1 
Obs359 359 1 1 0 2 1 2 6 4 3 0 24 3.4 0 0 0 1 2 1 1 4 7 100 2 10 70 2 0 8 8 0 50 8 1 
Obs360 360 1 1 0 2 1 0 0 2 2 1 27 3.3 12 20 2 2 4 1 4 5 0 50 5 5 30 4 0 2 8 10 100 6 1 
Obs361 361 1 1 0 0 1 2 0 5 8 0 24 4 0 0 0 0 14 0 3 4 0 80 5 10 48 2 0 5 10 30 50 9 1 
Obs362 362 1 1 0 2 1 2 5 4 7 1 25 3.7 1 0 0 0 5 1 4 4 9 90 5 10 32 5 0 5 8 0 100 6 1 
Obs363 363 0 0 0 3 1 1 5 0 0 0 23 2.2 7 5 2 2 1 1 10 10 0 90 5 6 21 5 5 0 5 0 20 0 1 
Obs364 364 1 1 0 2 1 0 0 7 2 1 30 3 0 0 2 2 30 1 6 3 5 50 5 5 50 2 0 5 8 0 90 2 1 
Obs365 365 0 0 0 2 1 5 6 3 7 0 21 2.3 0 0 0 0 0 1 5 3 5 40 2 10 60 3 0 3 5 0 30 4 1 
Obs366 366 0 0 0 3 1 2 5 3 5 0 21 3.7 4 5 2 0 4 1 5 3 5 200 6 10 89 5 0 10 4 0 100 5 1 
Obs367 367 1 1 0 2 1 0 0 7 7 1 28 3.8 5 3 4 2 3 1 2 3 0 100 1 10 120 8 1 5 6 0 100 10 1 
Obs368 368 1 1 0 2 1 0 5 5 3 1 34 4 0 0 0 1 12 0 0 3 1 50 5 6 90 1 0 5 9 10 90 2 1 
Obs369 369 1 1 1 2 1 0 1 5 2 0 28 3 5 4 3 1 3 1 1 10 4 200 5 10 100 5 5 3 9 0 100 0 1 
Obs370 370 1 1 0 2 1 0 1 5 7 1 33 3.3 5 5 2 1 7 1 4 5 7 900 5 5 400 3 0 5 9 0 0 1 1 
Obs371 371 1 1 0 3 1 5 3 4 1 1 30 3.6 4 2 1 1 7 1 3 10 2 60 5 4 150 6 1 3 8 15 100 8 1 
Obs372 372 1 1 0 3 1 2 0 5 5 1 23 3.8 0 0 1 3 7 1 2 3 4 72 5 10 42 3 0 4 9 0 100 10 1 
Obs373 373 0 0 0 0 1 0 0 6 5 0 20 3.2 0 0 0 2 3 1 2 4 3 110 5 4 120 9 1 4 10 0 10 7 1 
Obs374 374 1 1 1 2 1 0 1 3 7 1 31 3.7 14 20 0 0 4 1 2 10 5 60 5 9 100 2 4 6 10 0 90 4 1 
Obs375 375 1 1 0 2 1 3 1 5 4 0 25 3.7 0 0 0 0 2 1 3 2 5 100 5 4 140 3 0 4 10 0 100 5 1 
Obs376 376 0 0 0 3 1 2 6 0 0 1 25 3.8 4 25 8 1 3 1 1 5 5 100 5 8 120 5 2 5 7 0 60 7 1 
Obs377 377 0 0 1 1 1 0 0 4 6 1 28 3.8 8 9 2 2 7 1 4 10 4 80 5 10 140 3 0 5 10 30 50 10 1 
Obs378 378 1 1 0 0 1 0 4 2 5 0 22 2.6 2 10 8 1 7 1 6 4 4 70 6 10 60 0 0 10 8 0 0 0 1 
Obs379 379 0 0 1 2 1 3 0 1 5 1 28 3.1 4 6 20 3 1 1 6 6 5 90 5 6 95 4 0 4 3 0 80 5 1 
Obs380 380 0 0 0 0 1 0 7 0 8 1 26 3.9 2 5 1 6 2 0 6 3 9 50 5 6 80 2 0 5 4 0 90 7 1 
Obs381 381 0 0 1 3 1 5 0 6 0 1 28 2.7 12 18 2 2 2 1 2 4 3 96 6 10 56 5 0 5 5 0 0 0 1 
Obs382 382 0 0 0 0 1 0 0 4 7 0 27 3.9 5 0 0 0 14 1 2 8 8 200 5 1 160 5 1 2 10 0 100 7 1 
Obs383 383 1 1 0 2 1 0 0 5 5 1 26 3.9 8 0 0 0 2 1 2 8 3 60 5 5 110 6 1 7 7 0 50 6 1 
Obs384 384 1 1 0 3 1 2 0 3 2 1 28 3.4 0 0 0 1 7 1 3 3 6 65 5 10 50 2 0 4 6 0 30 3 1 
Obs385 385 1 1 0 3 1 2 0 2 0 0 24 3.4 8 0 0 1 3 1 5 4 0 150 5 10 85 1 5 5 8 10 10 10 1 
Obs386 386 1 1 0 2 1 5 0 2 6 1 32 4 0 0 0 1 3 1 2 10 0 70 5 10 90 1 0 5 8 0 100 10 1 
Obs387 387 1 1 1 2 1 0 0 3 1 0 25 3.9 8 15 7 2 2 1 5 6 5 80 2 9 80 4 0 4 8 0 40 2 1 
Obs388 388 1 1 0 1 1 3 0 3 6 1 31 4 4 2 0 0 1 1 3 4 2 60 5 10 100 2 0 3 8 5 90 8 1 
Obs389 389 1 1 1 0 1 0 7 0 7 0 25 3.7 12 8 0 0 12 1 4 4 5 140 2 4 160 2 0 6 6 15 90 7 1 
Obs390 390 1 1 0 2 0 0 5 8 3 0 25 3.4 0 0 0 2 1 1 3 3 5 250 1 0 600 8 1 5 10 0 100 10 1 
Obs391 391 0 0 0 0 1 3 6 1 8 1 30 2.5 7 5 3 3 1 1 1 5 8 150 5 10 130 3 0 5 9 0 80 6 1 
Obs392 392 1 1 0 2 1 4 3 5 10 1 27 3.8 4 0 0 0 14 1 1 10 5 125 5 5 200 3 0 6 7 0 100 7 1 
Obs393 393 1 1 0 2 0 0 1 4 2 0 24 4 0 0 0 0 7 1 4 4 0 80 5 10 120 0 0 8 10 0 70 10 1 
Obs394 394 1 1 0 1 1 0 0 3 6 0 27 3.7 6 10 2 1 3 1 2 3 5 70 5 10 120 2 0 5 6 0 10 0 1 
Obs395 395 1 1 0 1 1 0 0 5 2 0 25 3.8 6 2 1 0 2 1 3 15 1 50 5 0 200 4 2 1 7 0 90 8 1 
Obs396 396 0 0 0 3 1 2 5 2 9 1 25 2 12 20 2 1 1 1 10 3 5 90 6 10 32 4 0 4 10 0 0 1 1 
Obs397 397 1 1 0 2 1 1 0 10 4 0 22 2.8 3 1 3 2 2 1 6 6 0 600 5 10 250 2 0 5 10 0 50 10 1 
Obs398 398 1 1 0 0 1 0 6 0 8 1 31 4 0 0 0 0 3 0 4 2 5 40 5 0 400 5 5 5 4 0 100 0 1 
Obs399 399 1 1 0 2 1 0 0 3 7 1 24 3 9 6 1 1 2 1 3 7 5 100 5 3 80 6 0 5 9 0 70 7 1 
Obs400 400 1 1 0 2 1 0 7 0 6 0 27 3.5 4 5 2 2 9 1 3 4 3 90 2 10 120 2 0 4 10 10 80 8 1 
Obs401 401 1 1 1 2 1 5 0 3 2 0 25 3.1 10 14 6 1 7 1 3 6 0 60 5 10 100 3 0 3 8 5 80 10 1 
Obs402 402 1 0 0 2 1 0 0 3 5 0 29 4 1 0 0 1 3 1 3 10 0 50 5 10 600 0 0 4 8 0 100 2 1 
Obs403 403 1 1 1 2 1 0 1 5 8 1 32 4 3 2 0 2 4 1 3 5 4 100 5 7 250 2 0 3 10 0 100 10 1 
Obs404 404 0 0 0 2 1 0 6 4 7 1 31 3.2 2 2 3 2 6 1 3 7 4 50 5 10 50 1 0 5 8 0 50 7 1 
Obs405 405 1 1 0 3 1 2 5 5 2 1 23 3.5 5 5 1 0 2 0 5 3 3 20 5 10 30 2 0 5 9 10 10 0 1 
Obs406 406 1 1 0 1 1 0 0 3 5 1 31 3.9 6 3 1 1 3 1 3 5 5 80 5 8 200 3 0 4 8 0 90 8 1 
Obs407 407 1 1 1 2 1 0 0 5 3 0 24 3.5 15 15 4 1 1 1 5 4 6 75 5 10 900 5 0 2 10 5 100 10 1 
Obs408 408 1 1 0 3 1 2 0 10 0 0 21 1.9 5 20 6 2 0 1 2 3 5 50 5 10 40 0 0 5 4 0 0 3 1 
Obs409 409 0 0 0 2 1 5 0 2 2 0 18 2.2 0 0 4 1 2 1 5 10 5 999 6 0 80 5 5 0 10 0 10 2 1 
Obs410 410 0 0 0 2 1 0 0 3 6 1 27 3.7 8 23 1 1 7 1 1 5 5 150 5 10 120 2 0 3 5 20 50 7 1 
Obs411 411 1 1 0 2 1 0 0 2 1 0 26 3.4 13 20 7 1 6 1 3 8 6 200 5 10 300 5 0 4 7 0 0 6 1 
Obs412 412 1 1 0 2 1 0 7 0 0 0 31 3.5 9 12 5 1 1 1 3 4 5 80 5 10 100 0 0 5 8 10 50 0 1 
Obs413 413 1 1 0 3 1 5 7 1 6 1 21 3 6 2 14 2 1 1 4 5 6 60 6 10 60 3 0 3 7 10 90 4 1 
Obs414 414 1 0 0 2 1 0 7 0 5 0 29 3.4 4 7 1 3 0 1 2 20 0 60 2 10 100 0 5 5 0 20 50 7 1 
Obs415 415 1 1 0 1 1 0 0 2 5 1 28 3.5 5 2 0 0 1 1 3 4 5 100 5 4 100 5 2 7 10 15 60 7 1 
Obs416 416 1 1 0 3 1 1 0 8 10 1 23 2.5 3 0 1 1 2 1 10 2 7 112 2 8 60 5 0 5 9 10 10 10 1 
Obs417 417 0 0 0 0 1 5 6 0 5 1 35 3.9 2 2 4 1 1 1 0 6 3 80 5 0 100 4 2 0 6 5 30 10 1 
Obs418 418 1 1 0 2 1 0 0 2 2 1 31 3.9 3 2 3 3 10 1 2 3 7 100 5 3 87 5 5 4 9 0 70 0 1 
Obs419 419 1 1 1 2 1 2 0 1 1 0 33 2.3 12 24 3 1 1 1 3 10 8 95 5 3 90 4 0 0 2 0 90 6 1 
Obs420 420 1 1 0 1 1 5 0 9 2 1 25 3.8 8 0 0 0 4 1 5 13 5 150 5 0 150 8 1 5 9 15 10 8 1 
Obs421 421 1 1 0 0 1 0 0 4 2 1 25 3.7 5 3 2 2 4 1 2 3 10 200 1 3 250 5 1 4 9 5 80 10 1 
Obs422 422 1 2 0 2 1 0 6 0 4 1 29 3.4 0 0 0 0 2 0 0 2 0 62 5 10 150 2 0 10 5 0 70 7 1 
Obs423 423 1 1 0 3 0 0 2 0 7 1 31 3.9 8 0 3 1 8 1 4 8 8 100 5 7 0 5 5 8 8 0 100 4 1 
Obs424 424 1 1 0 2 1 0 1 1 4 0 26 3.5 6 5 0 0 3 1 2 4 7 45 5 4 150 3 4 2 8 40 50 8 1 
Obs425 425 0 0 0 2 1 4 3 2 5 1 31 3.7 2 0 0 1 5 1 1 10 7 700 5 8 600 4 5 7 9 0 100 4 1 
Obs426 426 1 1 0 3 1 3 6 0 5 0 22 2.7 5 6 1 1 1 1 8 5 2 60 5 10 30 3 0 6 8 15 70 3 1 
Obs427 427 1 1 0 2 1 0 5 0 6 0 26 3.3 4 6 0 0 6 1 4 4 6 90 5 8 200 3 0 4 9 0 100 4 1 
Obs428 428 1 1 0 2 1 0 6 1 0 0 25 3.3 1 1 1 1 2 0 5 4 7 30 5 5 800 2 0 5 9 0 100 6 1 
Obs429 429 1 1 1 2 1 0 5 5 0 0 25 2.3 5 4 2 1 20 1 3 6 7 75 6 4 150 4 0 0 10 5 10 10 1 
Obs430 430 1 1 0 3 1 0 7 0 7 1 28 4 4 0 1 1 6 0 5 4 4 160 5 8 190 4 5 6 9 10 40 9 1 
Obs431 431 0 0 0 3 1 2 0 6 7 1 25 2.5 4 3 1 1 4 1 2 4 8 120 6 5 70 5 0 4 9 20 30 7 1 
Obs432 432 1 1 0 2 1 2 7 4 5 0 20 3.8 5 0 1 2 4 1 8 5 10 50 6 10 20 5 0 0 7 0 30 5 1 
Obs433 433 1 1 1 2 1 0 0 4 6 1 33 4 10 5 0 0 3 1 5 9 5 100 5 7 1000 5 0 4 6 0 30 0 1 
Obs434 434 0 0 1 3 1 2 6 0 3 0 25 3.2 8 20 10 1 2 0 4 2 3 80 6 3 20 3 0 0 4 0 0 8 1 
Obs435 435 0 0 0 2 1 0 0 9 5 0 29 3.8 5 3 0 0 1 1 3 10 7 120 5 8 100 4 0 4 10 0 100 9 1 
Obs436 436 1 1 0 2 1 0 6 2 4 0 29 3.2 6 12 11 2 3 1 4 10 6 100 5 9 350 3 0 3 7 0 70 5 1 
Obs437 437 1 1 0 2 1 2 5 4 2 0 18 3 2 0 1 1 2 1 4 4 7 45 5 10 30 5 0 7 8 15 0 0 1 
Obs438 438 1 1 1 1 1 0 0 8 8 1 28 4 1 0 1 1 3 1 6 5 3 500 5 5 500 3 2 6 9 0 100 10 1 
Obs439 439 1 1 0 3 1 2 0 9 5 1 26 3.6 8 15 1 1 0 1 3 3 0 100 2 10 45 5 0 5 6 5 0 8 1 
Obs440 440 1 1 1 2 1 3 0 5 4 0 21 3.6 0 0 0 1 1 1 4 4 5 60 5 2 180 5 0 3 10 0 100 0 1 
Obs441 441 1 1 0 3 1 2 7 1 9 1 23 3 15 15 3 4 1 1 6 10 5 80 5 10 103 2 0 5 10 15 80 6 1 
Obs442 442 1 1 0 2 0 4 3 4 7 1 21 3.7 5 3 0 0 6 1 4 4 10 300 5 4 400 7 1 5 10 0 100 6 1 
Obs443 443 0 0 1 2 0 0 0 10 8 1 31 3.8 10 20 1 1 6 1 4 5 5 200 5 2 350 9 1 3 10 0 100 9 1 
Obs444 444 0 0 1 0 1 5 0 8 3 0 25 3.3 0 0 7 1 1 1 2 5 7 100 5 6 70 8 1 5 8 0 20 4 1 
Obs445 445 1 1 0 1 1 1 0 3 5 0 25 3.1 0 0 0 0 1 1 6 0 10 80 5 7 58 4 2 6 7 15 30 8 1 
Obs446 446 1 1 0 2 1 0 6 3 8 1 31 3.5 0 0 1 2 50 0 10 3 3 65 5 0 50 3 0 6 9 0 90 1 1 
Obs447 447 1 1 0 3 1 5 6 5 2 1 26 2.9 5 5 3 1 0 1 2 4 7 50 2 10 30 3 0 6 6 0 100 0 1 
Obs448 448 1 1 0 1 0 0 7 0 0 0 27 3.9 10 10 10 1 3 1 3 5 5 200 5 10 50 1 0 6 9 10 70 8 1 
Obs449 449 1 1 0 2 1 4 2 4 1 0 24 4 1 0 0 2 10 1 5 3 6 80 2 10 70 3 0 5 4 0 80 5 1 
Obs450 450 1 1 0 2 1 3 0 9 0 1 29 4 6 0 0 0 7 1 5 4 10 200 5 10 17 0 5 0 10 0 100 10 1 
Obs451 451 1 1 0 0 1 0 0 6 3 1 29 3.8 5 5 2 2 3 1 3 5 5 100 5 8 200 2 0 5 9 0 90 3 1 
Obs452 452 1 2 0 3 1 0 6 0 5 0 29 4 2 0 0 3 2 1 6 7 3 60 5 10 100 2 0 4 8 0 90 8 1 
Obs453 453 1 1 0 0 1 0 0 8 8 1 29 4 6 8 0 0 25 1 5 2 5 100 5 10 125 2 0 3 9 5 90 10 1 
Obs454 454 1 1 1 2 1 0 0 6 8 1 27 3.1 4 12 2 0 4 1 3 10 6 120 6 7 400 7 1 6 10 15 100 7 1 
Obs455 455 1 1 0 3 1 1 0 6 4 0 21 1.7 7 3 2 1 1 0 9 2 8 100 2 10 20 5 0 5 7 10 0 7 1 
Obs456 456 0 0 0 2 1 0 0 7 5 1 30 3.9 5 9 6 0 1 1 2 4 9 80 5 8 180 0 2 7 7 10 100 7 1 
Obs457 457 1 1 1 2 1 0 0 1 3 1 29 3.6 4 3 1 1 7 1 4 10 6 120 2 9 150 1 0 5 9 15 60 5 1 
Obs458 458 1 1 0 2 1 5 0 5 5 1 30 4 8 7 0 0 5 1 1 5 4 55 5 6 100 1 0 8 8 0 100 5 1 
Obs459 459 1 1 0 3 1 2 7 0 6 0 27 3.4 5 2 1 3 5 1 7 6 2 80 5 8 69 2 0 4 4 10 90 6 1 
Obs460 460 1 1 0 1 0 3 7 5 2 0 29 3.5 1 0 0 1 3 1 2 4 3 7 5 5 5 3 0 5 3 0 100 3 1 
Obs461 461 1 1 1 2 1 0 0 1 5 1 35 3.9 7 15 1 1 3 1 1 8 5 200 5 6 1000 4 0 2 10 0 100 6 1 
Obs462 462 1 1 0 2 1 5 7 0 2 1 29 3.2 5 15 1 0 1 1 4 5 5 200 5 10 800 3 0 8 8 0 90 9 1 
Obs463 463 1 1 1 0 1 0 5 2 8 1 27 3.5 6 6 1 1 6 1 5 3 9 90 5 5 100 6 1 4 10 30 70 2 1 
Obs464 464 1 1 0 3 1 2 5 7 1 0 19 2.7 12 10 8 0 0 1 7 7 3 90 5 10 19 3 0 10 6 20 0 7 1 
Obs465 465 1 1 0 3 1 0 0 5 0 0 29 2.8 6 4 30 0 2 1 4 4 6 270 2 10 75 0 0 3 8 35 0 10 1 
Obs466 466 0 0 1 2 1 1 6 0 0 1 28 3.4 12 10 4 1 1 1 10 50 10 50000 1 5 250 5 2 0 10 15 70 5 1 
Obs467 467 1 1 1 3 1 0 0 2 2 1 26 3.5 12 20 10 0 3 1 4 10 5 150 5 6 150 4 4 3 10 15 70 7 1 
Obs468 468 1 1 0 2 1 0 0 8 9 1 29 3.7 10 0 0 1 14 1 5 5 5 125 5 5 175 6 1 4 10 10 100 7 1 
Obs469 469 1 1 0 3 1 0 6 0 4 0 29 3.9 5 10 0 0 3 1 7 5 0 85 5 7 140 2 0 5 8 0 30 9 1 
Obs470 470 1 1 0 2 1 1 0 4 1 1 30 3.6 3 0 0 0 2 1 2 4 5 40 5 10 100 4 0 5 9 0 70 7 1 
Obs471 471 1 1 0 2 1 0 0 5 5 1 24 3 5 0 2 2 4 1 5 5 2 100 1 0 200 10 1 6 5 10 20 0 1 
Obs472 472 1 1 0 3 1 0 0 8 4 0 22 3.7 1 0 0 0 7 1 3 5 2 50 5 10 29 4 0 7 10 0 30 5 1 
Obs473 473 1 1 0 2 1 0 0 5 1 0 23 3 8 0 0 0 4 1 4 2 5 80 5 2 800 5 1 5 7 0 90 0 1 
Obs474 474 0 0 1 1 1 0 0 5 8 0 23 2.8 12 12 5 1 4 1 6 8 5 80 1 5 100 3 0 4 7 20 20 4 1 
Obs475 475 1 1 0 2 1 5 0 7 0 1 25 3.8 0 0 3 2 2 1 1 8 3 100 5 5 140 3 0 8 4 15 80 6 1 
Obs476 476 1 1 0 3 1 2 5 7 6 0 24 3.3 2 4 3 2 5 1 3 3 7 110 6 7 30 7 0 4 7 5 30 4 1 
Obs477 477 1 1 0 0 1 3 0 7 6 1 21 4 10 4 0 0 18 1 6 5 7 90 5 4 100 4 2 6 10 5 80 6 1 
Obs478 478 1 1 0 2 1 2 0 5 7 0 28 4 10 5 0 0 4 1 10 10 5 100 5 2 300 2 0 3 9 10 90 8 1 
Obs479 479 1 1 0 0 1 0 6 0 5 1 26 3.3 5 5 1 1 0 1 3 3 8 75 2 8 35 5 0 3 5 15 30 1 1 
Obs480 480 1 1 0 3 1 2 5 5 10 1 24 2 10 12 3 1 7 1 6 5 7 90 6 10 60 5 0 5 5 25 0 5 1 
Obs481 481 1 1 0 0 1 0 1 0 0 0 18 3.5 15 0 3 0 2 1 4 20 9 100 6 10 60 5 5 5 9 0 100 9 1 
Obs482 482 1 1 0 3 1 3 6 1 5 1 26 3.3 2 2 12 3 0 1 5 5 0 105 2 9 30 2 0 4 2 10 0 7 1 
Obs483 483 1 1 0 2 1 1 0 6 5 1 19 2.9 0 0 1 1 7 1 3 4 0 100 2 8 79 2 0 5 8 0 100 0 1 
Obs484 484 1 1 0 2 1 0 7 2 3 0 25 4 4 5 2 2 5 1 5 5 7 150 1 10 100 8 1 3 7 0 10 8 1 
Obs485 485 1 1 0 3 1 3 0 6 8 0 22 4 3 1 0 1 2 1 3 8 5 80 5 10 60 5 5 5 8 10 80 8 1 
Obs486 486 0 0 0 3 1 3 4 0 2 0 22 3.3 0 0 1 0 1 1 2 2 5 120 6 10 25 5 0 5 8 0 90 3 1 
Obs487 487 1 1 0 0 1 0 0 8 5 1 23 3.8 4 5 4 2 2 1 3 3 8 100 5 5 240 2 4 2 7 0 40 8 1 
Obs488 488 1 1 0 3 1 2 5 3 4 0 27 3.1 4 4 0 0 7 1 4 10 6 50 5 10 80 5 0 5 10 20 50 5 1 
Obs489 489 1 1 1 2 1 0 7 0 1 1 27 3.3 4 6 3 2 0 1 3 2 0 500 2 10 900 3 0 3 4 0 100 7 1 
Obs490 490 0 0 0 2 1 0 0 5 8 1 31 3.9 2 1 0 0 1 1 1 1 6 80 5 10 80 0 0 3 9 0 70 5 1 
Obs491 491 1 1 0 0 1 0 0 7 6 0 28 3.6 15 14 1 1 17 1 3 10 6 100 5 5 600 7 1 7 10 0 100 0 1 
Obs492 492 1 1 0 3 1 1 0 2 3 0 27 3.3 0 0 1 1 4 1 6 4 8 200 5 10 30 2 0 0 10 40 100 8 1 
Obs493 493 0 0 0 2 1 0 6 1 1 0 30 3.9 2 0 2 1 1 1 2 2 4 80 5 8 430 1 0 4 4 0 0 3 1 
Obs494 494 1 1 0 2 1 0 0 3 4 1 27 4 11 7 1 1 2 1 5 9 5 100 5 9 150 2 0 5 8 0 100 6 1 
Obs495 495 1 1 0 3 1 2 0 8 8 0 25 3.2 9 20 1 0 3 1 10 6 3 69 5 10 13 3 0 2 9 10 20 9 1 
Obs496 496 0 0 0 3 0 3 0 7 7 1 30 3.7 2 1 0 0 2 1 10 4 7 90 5 3 37 2 0 5 5 0 20 7 1 
Obs497 497 1 1 0 0 1 0 5 4 2 0 29 4 0 1 0 0 2 1 2 3 0 75 5 9 30 1 0 6 5 0 70 7 1 
Obs498 498 1 1 0 2 1 1 0 8 0 1 32 3.6 3 5 2 1 5 1 3 4 5 100 5 10 50 1 0 5 4 15 0 7 1 
Obs499 499 1 1 0 2 1 0 6 0 7 1 26 4 4 1 0 1 1 1 4 6 5 100 5 9 100 2 0 5 8 10 100 6 1 
Obs500 500 1 0 0 1 0 0 5 7 9 1 33 3.8 0 0 0 2 1 1 4 15 0 100 5 10 120 0 2 7 8 15 60 7 1 
Obs501 501 1 1 0 2 1 5 0 7 3 1 24 3 7 6 0 0 0 0 3 2 3 80 5 4 61000 1 0 7 5 10 40 0 1 
Obs502 502 1 1 1 2 1 0 1 4 5 0 31 3.7 1 3 2 1 1 1 7 4 5 70 5 8 110 1 0 4 8 5 70 1 1 
Obs503 503 1 1 0 1 0 0 7 0 7 0 28 3.9 0 0 3 1 14 1 3 5 9 80 5 8 80 2 0 5 7 0 0 5 1 
Obs504 504 1 1 1 2 1 0 0 7 6 0 26 3.4 10 10 0 5 7 1 5 8 3 50 5 5 90 6 1 7 8 30 40 10 1 
Obs505 505 1 1 0 3 1 3 4 6 7 1 26 3.7 0 0 0 0 2 1 2 4 5 90 6 5 65 4 0 4 8 5 80 8 1 
Obs506 506 1 1 0 2 1 0 7 0 5 1 27 4 5 0 0 1 4 1 2 5 0 80 5 8 180 3 2 6 10 0 50 6 1 
Obs507 507 0 0 0 3 1 0 0 5 8 1 35 3.9 3 5 2 2 1 0 1 4 7 200 5 10 200 1 0 6 9 0 100 7 1 
Obs508 508 1 1 1 1 1 2 0 2 10 0 22 2.4 6 12 5 3 5 1 3 4 10 200 5 10 80 2 0 7 10 20 60 8 1 
Obs509 509 1 1 0 3 1 1 0 4 4 1 20 2.1 4 2 0 0 2 1 6 2 5 40 5 5 10 5 0 7 8 10 50 1 1 
Obs510 510 0 0 0 2 1 0 0 6 8 0 22 3.3 8 10 1 1 5 1 4 2 5 115 6 10 210 7 2 4 10 10 30 7 1 
Obs511 511 1 1 0 3 1 0 7 1 5 1 30 3.9 0 0 0 1 7 1 0 3 0 60 5 10 100 3 0 5 10 0 100 10 1 
Obs512 512 1 1 0 3 1 5 6 0 0 0 21 3.4 2 3 2 2 1 0 10 5 5 50 5 10 1 0 0 4 4 10 0 0 1 
Obs513 513 0 0 0 0 1 0 6 3 10 1 29 3.3 2 2 12 4 0 1 0 1 3 30 6 10 20 4 0 8 7 25 0 6 2 
Obs514 514 0 0 1 2 1 2 6 1 7 0 25 3.6 10 24 10 1 1 1 2 3 7 110 1 8 200 5 1 4 9 25 70 4 2 
Obs515 515 1 1 0 1 1 2 0 5 2 0 28 3.4 5 5 1 1 1 1 6 5 8 100 5 9 20 3 0 3 7 0 0 1 2 
Obs516 516 1 1 0 3 1 2 0 5 5 1 21 2.9 0 1 1 1 0 0 10 2 6 88 5 10 20 1 0 4 3 10 0 10 2 
Obs517 517 0 0 0 3 0 3 7 0 10 1 34 3.9 0 0 0 0 1 0 1 1 9 1000 5 4 30 6 5 10 7 0 100 10 2 
Obs518 518 1 1 0 3 1 1 5 3 1 1 27 3.1 3 0 2 2 12 1 2 4 8 90 5 10 8 0 0 2 10 0 80 7 2 
Obs519 519 1 1 0 1 1 5 6 4 0 0 28 3.7 0 2 1 2 2 1 2 5 7 60 2 0 140 5 2 8 10 10 100 4 2 
Obs520 520 1 1 1 2 1 3 0 3 0 1 27 3.2 2 1 0 1 5 1 2 4 4 70 6 4 110 3 0 3 9 5 100 4 2 
Obs521 521 1 1 0 2 1 0 0 4 2 1 32 3.8 0 0 1 2 4 1 3 4 3 80 5 10 200 1 0 5 9 0 80 9 2 
Obs522 522 1 1 0 3 1 2 5 5 8 1 22 3.6 0 0 0 1 7 1 4 3 4 750 6 10 100 4 5 3 8 0 80 3 2 
Obs523 523 0 0 0 0 1 0 0 9 9 1 29 3.8 5 6 1 2 3 0 1 2 7 100 5 8 110 8 2 2 9 10 0 9 2 
Obs524 524 1 1 0 1 1 0 7 0 5 0 26 3.8 0 0 2 0 4 0 5 4 3 60 1 0 100 7 1 4 3 40 10 8 2 
Obs525 525 1 1 0 1 0 3 0 5 8 1 32 3.8 0 0 0 0 4 0 3 3 7 90 5 6 100 5 0 8 8 0 100 2 2 
Obs526 526 1 1 0 2 1 0 0 6 1 0 25 3.4 11 7 0 0 2 1 4 10 2 180 5 8 190 4 5 2 10 0 100 9 2 
Obs527 527 1 1 0 1 1 0 0 1 2 0 25 3.7 0 0 0 0 6 1 6 8 4 80 5 10 60 1 4 5 7 10 80 6 2 
Obs528 528 0 0 1 2 1 3 4 6 4 1 31 3.5 3 0 3 1 2 1 2 3 3 400 6 6 100 4 0 6 10 0 40 10 2 
Obs529 529 1 1 0 2 1 4 2 5 6 1 28 3.5 0 0 0 1 2 1 3 6 5 100 5 10 45 5 0 7 8 0 10 8 2 
Obs530 530 1 1 1 2 1 0 0 3 6 1 28 3.4 12 6 2 0 40 1 1 6 3 80 2 10 180 2 0 4 6 0 100 8 2 
Obs531 531 1 1 0 2 0 3 4 7 8 1 33 3.7 0 0 7 1 7 1 2 4 10 150 5 9 210 6 1 5 8 0 100 7 2 
Obs532 532 1 1 0 3 1 5 6 2 5 0 32 3.7 1 0 1 1 1 1 2 7 4 100 5 10 300 2 0 6 6 0 100 4 2 
Obs533 533 1 1 1 3 1 3 5 0 8 1 32 3.8 0 0 0 0 1 0 1 2 10 90 6 6 100 5 0 6 9 0 50 10 2 
Obs534 534 1 1 1 2 1 1 0 6 6 1 27 2.8 0 0 2 1 9 1 5 2 1 110 6 9 78 6 0 2 8 0 80 7 2 
Obs535 535 0 0 0 2 0 5 4 3 6 1 31 3.6 4 0 3 2 7 0 2 6 6 100 6 5 400 2 1 5 10 0 100 7 2 
Obs536 536 0 0 1 2 1 0 0 3 4 0 30 3.8 15 40 7 1 1 1 2 10 7 150 6 10 300 5 2 3 10 0 100 6 2 
Obs537 537 1 1 0 2 1 1 2 4 5 1 22 2.9 8 10 12 1 4 1 6 2 6 300 5 10 50 3 0 4 7 10 30 4 2 
Obs538 538 1 1 1 2 1 0 0 8 1 1 25 3.5 3 5 1 1 6 1 6 5 5 100 5 10 200 2 0 2 6 10 80 0 2 
Obs539 539 1 1 0 0 1 0 0 5 6 0 24 3.8 6 6 2 2 7 1 3 6 5 90 6 8 300 5 0 3 9 15 90 1 2 
Obs540 540 1 1 1 2 0 3 0 5 7 1 32 3.7 12 18 15 2 2 1 3 10 6 500 2 5 1000 5 0 6 9 0 100 9 2 
Obs541 541 1 1 0 3 1 2 0 8 7 1 26 3.8 0 0 0 1 7 1 2 4 4 100 5 10 30 7 0 3 8 0 0 0 2 
Obs542 542 1 1 1 0 1 0 0 9 7 0 21 3.9 3 1 1 1 7 1 1 4 4 170 5 5 200 7 1 2 10 15 100 2 2 
Obs543 543 0 0 1 0 1 0 0 5 7 1 28 3.8 10 30 1 1 1 1 1 2 5 115 1 0 0 10 1 5 9 15 100 3 2 
Obs544 544 1 1 1 0 1 0 0 7 5 1 25 3.8 12 8 2 2 2 1 5 8 5 100 1 6 65 6 1 4 6 10 20 5 2 
Obs545 545 1 1 0 2 1 0 0 8 9 1 31 3.9 0 0 1 2 4 1 3 15 7 65 5 2 200 7 1 5 8 5 90 7 2 
Obs546 546 0 0 0 2 1 3 0 3 0 0 24 3.5 0 2 1 0 4 1 1 3 10 120 6 10 80 3 0 5 6 0 0 10 2 
Obs547 547 1 1 0 1 1 5 0 0 10 1 22 3.4 0 0 20 1 1 1 2 1 0 200 5 10 20 5 0 3 0 15 0 4 2 
Obs548 548 1 0 0 2 1 3 6 3 8 1 32 3.2 2 1 0 1 10 1 3 2 7 500 5 3 40 5 0 3 7 20 100 10 2 
Obs549 549 1 1 0 3 0 3 4 3 1 1 36 3.7 0 0 1 1 2 1 3 5 5 300 5 5 100 5 5 5 9 0 100 6 2 
Obs550 550 1 1 0 3 1 0 0 0 8 1 33 3.8 3 6 0 0 1 1 2 7 1 70 5 10 60 2 0 5 10 0 100 7 2 
Obs551 551 0 0 1 3 1 0 1 3 0 1 28 3.3 10 0 4 3 3 1 10 20 5 200 5 8 300 5 0 5 10 20 100 7 2 
Obs552 552 1 1 1 2 1 4 2 7 7 1 26 3 2 1 3 1 7 1 5 4 10 100 6 10 15 3 0 0 8 0 100 10 2 
Obs553 553 0 0 1 2 1 2 6 2 3 1 24 3.3 25 10 10 2 7 1 4 6 5 200 5 5 120 3 2 4 9 20 90 8 2 
Obs554 554 0 0 0 3 0 4 3 5 1 1 27 2.8 5 7 7 3 7 0 10 18 10 450 5 6 143 5 5 0 10 15 100 10 2 
Obs555 555 1 1 1 3 1 2 6 1 6 0 29 3.9 10 8 3 4 3 1 3 5 5 60 5 10 100 1 0 4 9 0 100 7 2 
Obs556 556 0 0 0 3 1 2 7 2 5 1 27 3.6 5 5 2 2 2 0 3 3 4 90 6 10 60 0 2 7 8 5 10 4 2 
Obs557 557 1 1 1 3 1 0 6 1 7 0 27 3.2 10 15 5 1 5 1 2 6 4 85 2 10 200 1 0 5 7 0 60 6 2 
Obs558 558 1 1 0 2 1 3 4 2 8 1 32 3.8 2 1 5 0 4 1 1 3 7 120 2 5 60 4 0 3 9 10 100 7 2 
Obs559 559 1 1 1 2 0 3 5 5 1 0 30 3.3 0 0 3 2 2 1 3 15 5 150 5 5 200 3 0 8 8 15 90 9 2 
Obs560 560 1 1 0 1 1 3 5 2 2 1 26 2.3 8 7 1 1 0 1 10 4 5 850 5 5 100 4 2 5 8 0 100 2 2 
Obs561 561 1 1 0 0 0 5 0 2 3 0 21 2.7 1 0 5 2 4 1 5 2 5 6 5 6 20 4 0 6 10 15 90 10 2 
Obs562 562 1 1 0 1 1 0 0 10 5 1 27 3.7 0 0 0 0 3 0 6 4 5 120 5 5 152 7 1 5 8 0 10 10 2 
Obs563 563 1 1 0 2 1 0 0 8 3 1 22 3.4 0 0 1 1 20 1 2 4 10 100 1 0 1000 10 1 0 10 0 100 0 2 
Obs564 564 1 1 0 3 1 3 0 5 0 0 27 4 1 1 0 0 2 1 3 7 5 100 5 5 200 3 5 5 3 5 90 7 2 
Obs565 565 0 0 0 2 1 0 0 7 7 1 34 3 8 10 1 1 3 1 4 4 5 200 5 2 210 8 1 5 9 15 10 10 2 
Obs566 566 1 1 0 2 1 5 6 1 5 0 21 3.8 8 12 2 1 3 1 8 7 9 150 6 5 160 5 1 3 9 0 70 0 2 
Obs567 567 1 1 0 1 1 1 0 2 5 0 20 4 0 0 0 0 3 1 3 5 5 150 5 10 32 2 0 5 10 0 0 0 2 
Obs568 568 1 1 0 3 1 3 0 2 7 0 27 4 0 1 0 0 14 1 4 5 3 50 5 10 3 3 0 7 9 20 0 5 2 
Obs569 569 1 1 0 0 1 0 0 7 6 0 19 3.3 0 0 1 2 4 1 2 4 5 100 1 0 150 10 1 5 10 0 0 8 2 
Obs570 570 1 1 0 3 1 0 7 0 7 1 31 3.9 0 0 0 0 1 1 5 10 6 80 5 10 80 1 0 4 3 0 50 8 2 
Obs571 571 0 0 1 2 1 0 0 7 4 1 28 3.8 4 8 5 2 2 1 1 10 0 250 5 5 200 7 1 5 9 15 90 5 2 
Obs572 572 0 0 0 2 1 0 0 0 1 1 28 1.9 2 5 1 1 1 1 2 2 7 200 5 10 300 5 5 3 7 0 100 3 2 
Obs573 573 1 1 0 0 0 0 6 0 0 0 25 3.6 0 2 5 3 1 1 2 1 6 50 2 10 75 1 3 5 4 40 0 2 2 
Obs574 574 1 1 1 3 1 2 5 5 2 0 21 3 4 3 3 1 2 1 10 5 5 70 5 10 30 5 0 2 8 5 0 8 2 
Obs575 575 1 1 0 3 1 3 7 0 5 1 25 3.8 0 0 0 0 0 1 5 5 6 110 6 6 65 5 0 5 5 0 70 6 2 
Obs576 576 1 1 1 2 1 0 0 6 5 1 31 3.3 11 10 8 1 4 1 3 12 0 150 5 5 170 5 0 5 9 15 100 7 2 
Obs577 577 0 0 0 3 0 3 0 5 7 1 32 3.5 7 3 0 0 4 1 2 4 6 180 2 5 80 7 2 5 7 15 50 7 2 
Obs578 578 1 2 0 2 1 0 5 4 5 1 32 3.9 3 0 2 4 0 0 5 10 4 50 5 10 20 0 0 4 0 25 0 8 2 
Obs579 579 0 0 0 2 1 0 0 3 5 1 25 3.8 4 10 3 0 0 0 8 10 0 500 1 5 200 6 2 3 5 20 80 10 2 
Obs580 580 0 0 0 0 0 3 0 5 8 1 35 3.8 0 1 5 2 1 1 3 10 9 100 5 5 300 4 0 3 9 0 100 4 2 
Obs581 581 1 1 0 1 1 2 0 6 5 1 23 3.9 8 15 3 2 6 1 7 10 5 75 5 9 45 1 0 5 4 0 50 1 2 
Obs582 582 1 1 0 2 1 3 0 7 1 1 32 3.9 7 2 3 1 10 1 3 8 4 1000 5 2 170 8 1 1 10 15 100 10 2 
Obs583 583 0 0 0 3 1 3 0 8 5 1 23 4 2 0 0 0 2 1 4 4 7 110 5 10 130 3 0 2 7 10 60 7 2 
Obs584 584 1 1 0 2 1 0 0 1 3 1 25 3.5 9 6 6 1 3 1 5 4 7 60 5 5 500 8 0 5 10 0 50 4 2 
Obs585 585 1 1 0 3 1 2 0 7 5 0 30 3.6 2 0 0 0 5 0 6 3 5 50 5 10 45 3 0 7 7 0 0 4 2 
Obs586 586 1 1 0 1 1 3 7 0 6 1 22 3.1 0 1 0 2 6 0 5 3 9 45 5 5 20 5 5 2 4 15 40 7 2 
Obs587 587 1 1 0 3 0 3 7 0 6 1 34 3.8 0 0 0 1 2 1 3 5 8 200 5 5 250 5 5 4 4 0 100 1 2 
Obs588 588 0 0 0 2 1 4 2 3 3 1 30 3.8 3 5 3 2 20 1 5 5 10 900 2 10 500 3 0 2 10 0 100 10 2 
Obs589 589 1 1 0 2 1 0 0 7 4 0 27 3.7 0 0 1 3 2 1 2 8 3 80 5 4 80 3 0 5 10 0 60 9 2 
Obs590 590 0 0 0 0 0 3 0 4 3 1 25 2.6 0 1 0 0 1 0 1 2 9 40 5 0 40 5 5 3 10 0 100 6 2 
Obs591 591 1 1 1 2 1 0 0 7 9 1 30 3.2 10 10 5 2 4 1 9 6 5 80 2 6 100 5 0 5 10 0 50 8 2 
Obs592 592 1 1 0 2 1 2 0 6 2 1 30 2.5 3 3 1 1 2 1 2 3 3 90 2 10 55 2 0 4 8 15 70 9 2 
Obs593 593 1 1 0 1 0 3 7 0 7 0 32 3.8 1 0 0 2 5 1 3 0 10 99999 6 5 0 7 5 5 8 0 100 8 2 
Obs594 594 1 1 0 1 1 0 0 3 7 1 26 3.9 4 1 0 0 7 1 1 10 0 75 5 0 120 3 0 5 9 10 50 4 2 
Obs595 595 0 0 0 3 0 3 7 1 3 1 32 3.5 0 0 0 0 3 1 2 4 8 50 5 8 300 4 5 5 9 0 100 4 2 
Obs596 596 1 1 0 2 1 4 2 8 7 1 34 3.9 2 0 0 0 6 1 3 4 7 150 5 10 120 3 0 5 8 0 100 8 2 
Obs597 597 0 0 0 2 1 3 5 4 6 0 30 3.8 0 0 1 2 3 1 4 5 8 70 5 10 200 2 0 5 7 20 100 5 2 
Obs598 598 1 1 1 0 0 0 0 4 1 0 29 3.4 5 5 3 1 5 1 3 15 5 100 2 6 500 5 0 5 8 10 100 2 2 
Obs599 599 1 1 0 2 1 0 0 0 1 0 28 3.4 1 3 1 1 1 1 2 5 0 75 2 7 200 4 0 10 3 0 90 10 2 
Obs600 600 0 0 0 2 0 3 0 4 7 1 33 3.7 0 4 9 2 7 1 4 5 10 1000 5 3 200 8 0 3 8 0 100 7 2 
Obs601 601 1 1 1 0 1 0 0 8 8 1 27 3.3 3 15 0 0 20 1 2 15 5 500 5 2 300 7 1 3 7 10 100 10 2 
Obs602 602 1 1 0 1 1 2 0 7 3 0 23 3.5 8 9 3 1 4 1 2 7 5 90 5 6 20 4 0 5 10 0 0 7 2 
Obs603 603 1 1 1 0 1 0 5 2 5 1 28 3.7 4 14 5 2 3 1 5 4 9 150 2 3 120 3 0 2 9 10 40 6 2 
Obs604 604 0 0 0 0 1 0 0 6 4 1 30 3.9 2 0 0 2 7 1 1 3 2 90 4 10 120 4 2 6 8 0 100 7 2 
Obs605 605 0 0 1 0 1 0 7 0 8 1 26 2.9 1 1 4 1 1 0 2 2 7 110 6 9 140 4 0 0 10 0 100 3 2 
Obs606 606 1 1 0 3 1 2 5 4 8 0 27 3.8 0 0 0 0 2 0 2 4 5 70 5 10 33 3 0 6 6 15 20 0 2 
Obs607 607 1 1 0 2 1 0 6 0 6 0 28 3.8 8 5 3 2 2 1 3 2 8 100 5 5 100 3 0 3 8 10 80 0 2 
Obs608 608 1 1 0 3 1 5 6 1 6 1 28 3.9 2 0 13 3 2 1 1 15 0 100 5 10 20 3 0 5 3 0 10 5 2 
Obs609 609 1 1 1 2 1 0 6 1 3 1 28 3.5 10 10 16 1 3 1 2 4 0 90 2 9 100 0 0 7 8 10 100 10 2 
Obs610 610 1 1 0 3 1 0 6 2 2 1 28 4 8 11 2 1 7 1 4 12 9 80 5 10 100 1 0 5 10 10 100 10 2 
Obs611 611 1 1 0 0 1 0 6 1 3 1 34 4 0 1 2 2 6 1 2 2 6 120 5 7 105 4 0 4 7 20 60 6 2 
Obs612 612 1 1 0 3 1 5 5 5 3 1 28 3.5 15 0 1 1 4 1 10 10 8 900 2 10 0 10 0 10 3 30 0 10 2 
Obs613 613 1 1 0 0 1 0 7 0 3 0 26 3.7 0 0 3 3 0 1 3 2 4 40 5 10 20 2 2 5 2 25 0 0 2 
Obs614 614 1 1 0 0 1 0 5 5 6 1 28 3.8 4 0 1 2 3 1 2 2 4 100 5 5 145 7 1 7 8 0 0 7 2 
Obs615 615 0 0 1 1 1 0 6 3 3 1 27 3.6 10 10 5 1 1 1 2 12 5 75 1 5 85 7 1 4 8 15 90 9 2 
Obs616 616 1 1 0 3 1 1 0 2 10 1 24 3.6 3 4 1 2 5 1 2 2 5 50 5 10 30 3 0 5 10 25 20 6 2 
Obs617 617 0 0 0 2 1 0 0 2 3 1 30 3.7 4 8 5 3 1 0 2 4 7 200 5 8 80 6 3 5 6 0 10 4 2 
Obs618 618 1 1 1 0 1 5 0 7 10 0 24 3.1 4 10 6 1 8 1 5 4 5 150 1 3 300 8 1 5 10 0 80 10 2 
Obs619 619 1 1 0 0 1 0 6 0 3 1 30 3.3 5 10 1 2 12 1 2 2 5 120 2 10 220 3 0 5 4 10 100 10 2 
Obs620 620 1 1 0 2 1 2 0 5 6 1 23 3.1 6 3 2 1 5 1 3 5 10 9999 5 10 60 0 0 10 10 10 0 0 2 
Obs621 621 1 1 0 1 1 5 0 2 2 1 23 3 4 6 5 3 15 1 5 4 6 75 6 10 35 5 5 3 10 0 50 7 2 
Obs622 622 1 1 0 0 1 0 6 0 5 0 26 3.6 7 12 0 0 1 1 2 5 1 75 5 10 50 1 0 5 7 10 0 2 2 
Obs623 623 1 1 0 0 1 0 0 8 0 0 19 3.6 0 0 2 2 3 1 5 3 0 45 1 4 100 10 1 5 10 25 0 9 2 
Obs624 624 0 0 0 3 0 3 6 0 7 1 34 3.7 1 0 9 2 2 1 5 5 8 300 5 0 300 6 5 2 8 5 100 7 2 
Obs625 625 1 1 0 2 1 0 6 1 6 1 31 4 7 6 5 2 1 1 2 2 5 70 5 10 60 1 0 5 9 0 10 6 2 
Obs626 626 1 1 0 2 1 0 0 6 9 1 30 3.6 4 4 0 0 14 1 2 5 1 100 2 9 80 2 0 5 9 0 10 10 2 
Obs627 627 1 1 0 3 1 1 0 8 8 1 22 3.8 13 20 3 1 4 1 2 7 5 75 5 10 0 4 0 2 9 0 0 3 2 
Obs628 628 1 1 0 3 1 5 0 7 0 0 25 2 1 3 4 2 1 1 1 5 0 60 6 10 0 5 5 5 6 0 0 10 2 
Obs629 629 0 0 0 2 1 2 0 3 7 1 26 3.2 15 40 20 0 3 1 3 6 3 140 5 10 82 0 0 5 10 0 0 10 2 
Obs630 630 1 1 0 0 1 0 6 1 5 1 25 3.7 6 4 0 0 5 1 5 6 4 100 5 4 120 7 1 4 10 0 80 7 2 
Obs631 631 1 1 1 2 1 0 0 6 2 1 34 4 6 6 2 2 3 1 1 5 3 100 5 7 200 5 0 3 9 0 30 9 2 
Obs632 632 1 1 0 2 1 2 5 3 5 1 27 3.6 0 0 0 2 4 1 2 4 5 80000 5 9 10000 3 0 5 4 0 80 3 2 
Obs633 633 1 1 0 3 1 1 5 5 2 0 26 2.6 0 0 0 1 1 0 2 0 5 50 3 10 30 4 5 5 5 0 0 0 2 
Obs634 634 1 1 0 2 1 0 0 5 3 0 19 3.3 3 0 0 0 4 1 4 4 5 125 5 6 200 4 0 7 10 0 100 6 2 
Obs635 635 1 1 0 1 1 0 0 6 4 0 30 3.9 9 0 10 2 1 1 4 8 5 90 5 10 200 2 0 4 8 0 90 7 2 
Obs636 636 1 1 0 1 0 5 7 0 4 1 30 3.7 0 12 4 2 1 0 2 2 5 90 2 5 65 3 0 6 10 20 0 5 2 
Obs637 637 0 0 0 1 1 0 0 6 4 1 34 3.7 0 0 0 0 7 1 1 3 10 100 1 5 70 7 1 7 8 10 20 10 2 
Obs638 638 1 1 0 3 1 2 0 5 5 1 20 3.3 4 6 0 0 2 1 10 2 0 100 5 10 40 0 0 4 8 0 100 2 2 
Obs639 639 1 1 0 1 1 0 0 5 8 1 26 3.8 0 2 3 2 1 1 1 3 4 100 2 10 45 5 0 5 10 25 100 8 2 
Obs640 640 0 0 0 2 1 0 0 3 5 1 33 3.1 12 35 7 2 3 1 10 10 8 60 1 2 70 7 1 5 8 0 10 3 2 
Obs641 641 1 1 0 0 1 0 6 0 8 1 27 4 1 3 1 0 1 1 1 7 5 130 5 10 30 5 5 5 8 15 0 9 2 
Obs642 642 1 1 1 2 1 5 5 6 9 1 29 3.2 5 5 0 0 1 1 6 5 6 90 2 10 70 2 0 3 8 0 20 8 2 
Obs643 643 1 1 1 2 1 0 0 7 5 0 24 3.3 8 10 2 2 7 1 2 20 5 70 2 0 350 0 0 10 10 0 90 10 2 
Obs644 644 0 0 0 3 0 3 5 2 3 1 27 3.6 7 0 2 3 10 1 8 5 5 40 6 5 500 5 1 5 6 0 70 4 2 
Obs645 645 1 1 1 2 1 0 6 2 4 0 27 3.7 10 10 11 0 2 1 3 3 10 100 5 3 160 4 2 5 8 10 80 3 2 
Obs646 646 0 0 0 1 1 2 6 2 5 1 28 3.5 7 4 21 4 2 1 4 5 3 80 5 9 40 3 0 8 4 10 0 7 2 
Obs647 647 1 1 1 3 1 5 0 4 2 1 23 2 1 10 10 0 1 1 5 5 7 120 6 5 80 4 2 3 7 5 40 8 2 
Obs648 648 1 1 0 2 1 5 6 2 0 1 29 3.6 0 0 0 0 4 1 5 1 5 40 5 10 40 0 0 5 9 0 100 0 2 
Obs649 649 1 1 0 3 0 3 7 0 8 1 30 3.5 3 3 1 0 2 1 2 8 8 15 5 5 20 4 1 4 10 0 100 8 2 
Obs650 650 0 0 0 1 1 2 0 2 8 1 21 3.6 0 0 0 1 14 0 7 0 5 90 6 10 60 3 5 5 10 5 0 0 2 
Obs651 651 0 0 0 2 1 1 0 7 7 1 24 2.2 1 0 3 3 4 1 5 2 5 110 2 9 150 8 0 7 8 0 90 8 2 
Obs652 652 1 1 0 1 1 2 0 8 8 1 22 3 7 8 5 2 12 1 3 12 5 102 1 1 160 9 0 0 5 25 0 10 2 
Obs653 653 1 1 0 0 1 3 4 2 6 1 27 3.1 0 0 0 0 3 0 2 2 5 100 5 9 100 5 5 3 7 0 100 0 2 
Obs654 654 0 0 0 3 1 2 7 0 0 1 21 3.3 4 2 1 1 2 0 2 5 7 35 5 10 21 2 0 8 8 25 0 5 2 
Obs655 655 1 1 0 2 1 0 5 3 2 0 33 3.5 12 4 0 0 5 1 3 10 3 250 5 9 100 3 4 9 7 10 0 7 2 
Obs656 656 0 0 1 0 1 0 0 9 5 1 24 3.3 6 15 3 6 1 1 2 8 4 50 1 8 180 8 1 7 8 0 50 9 2 
Obs657 657 0 0 0 3 1 2 0 3 10 1 25 3.4 0 1 1 1 3 1 7 10 6 80 5 8 80 2 0 8 8 0 0 10 2 
Obs658 658 1 1 1 2 1 0 0 6 9 1 31 4 9 3 1 1 7 1 3 8 5 100 5 4 200 5 0 5 8 0 30 10 2 
Obs659 659 1 1 0 2 1 4 7 0 7 1 30 3.7 0 0 0 0 5 0 1 2 9 90 5 10 70 1 0 1 1 0 100 7 2 
Obs660 660 1 1 1 2 1 0 0 6 3 0 28 4 0 5 3 4 5 0 2 2 3 120 2 9 72 1 0 9 8 30 0 9 2 
Obs661 661 0 0 1 3 1 2 5 6 5 0 21 3.3 6 6 5 0 3 1 3 6 10 90 6 9 26 1 0 7 9 10 100 8 2 
Obs662 662 1 1 0 2 1 0 6 2 1 0 28 3.9 3 5 1 2 7 1 3 6 7 70 5 8 45 3 4 6 7 0 30 0 2 
Obs663 663 0 0 0 2 1 2 7 0 8 1 29 2.8 0 0 0 0 4 0 2 5 6 60 5 8 30 3 0 5 8 0 10 6 2 
Obs664 664 0 0 0 2 1 5 7 0 5 1 36 3.5 0 1 1 3 1 1 1 10 6 300 6 6 70 3 0 3 3 10 70 0 2 
Obs665 665 1 1 0 2 1 2 5 3 6 1 23 3.7 4 2 1 1 4 1 4 4 5 70 5 10 40 1 0 3 6 0 0 9 2 
Obs666 666 1 1 0 3 1 0 5 3 5 1 29 3.2 4 3 1 1 2 1 6 4 8 75 5 10 25 4 0 4 8 0 50 1 2 
Obs667 667 1 1 1 3 1 2 0 3 9 1 26 2.5 10 8 0 0 0 1 2 4 3 100 5 10 70 5 2 5 7 20 20 7 2 
Obs668 668 0 0 0 3 1 3 5 7 7 1 23 3.2 0 0 1 0 3 1 3 3 6 250 6 7 18 5 0 5 9 0 80 7 2 
Obs669 669 0 0 1 2 1 0 1 0 6 1 30 3.9 24 36 2 1 4 1 2 6 7 200 5 8 300 5 0 3 6 25 90 6 2 
Obs670 670 0 0 0 2 1 0 7 0 5 1 30 3.9 3 11 1 1 1 1 4 5 5 100 5 10 180 3 0 5 9 0 0 5 2 
Obs671 671 1 1 0 2 1 0 7 3 1 0 27 3.8 10 7 7 0 3 0 5 5 6 90 2 10 200 0 0 5 8 15 90 6 2 
Obs672 672 0 0 1 3 0 5 6 1 5 1 31 3.3 12 20 3 1 2 0 4 21 5 100 5 5 200 5 5 3 8 0 90 5 2 
Obs673 673 1 1 1 2 1 0 1 4 8 1 25 3.9 8 14 9 2 10 1 2 20 4 200 5 8 200 2 0 5 10 0 100 8 2 
Obs674 674 1 1 0 2 1 0 0 5 5 1 33 3.9 5 8 0 0 6 1 2 10 5 80 5 10 100 1 0 5 6 0 100 2 2 
Obs675 675 1 1 1 1 1 0 0 5 2 0 24 3.5 4 7 1 1 2 1 4 2 4 100 5 10 70 1 0 3 10 10 10 6 2 
Obs676 676 1 1 0 3 1 2 5 5 5 0 25 3.7 3 0 0 0 1 0 3 2 8 40 5 10 29 6 0 5 8 5 0 10 2 
Obs677 677 1 1 0 0 0 3 0 3 0 0 12 3.7 1 1 1 1 1 1 3 6 9 10000 5 7 10000 5 1 3 10 0 100 1 2 
Obs678 678 1 1 0 0 1 1 0 10 4 0 22 2.3 0 0 0 1 2 1 9 2 7 100 6 10 30 1 2 9 7 0 0 10 2 
Obs679 679 0 0 0 2 1 2 6 1 5 1 23 3 4 14 15 5 3 0 3 6 5 171 5 8 32 4 0 7 9 0 90 7 2 
Obs680 680 0 0 0 2 1 0 1 2 5 0 19 3.2 4 8 4 1 2 1 1 2 10 128 6 5 78 5 4 3 10 25 0 7 2 
Obs681 681 0 0 0 3 1 3 4 2 8 1 31 3 2 7 50 4 0 0 1 4 2 10000 6 8 3 3 0 5 9 0 0 8 2 
Obs682 682 1 1 0 1 1 0 0 6 2 1 26 3.8 4 2 1 1 5 1 4 4 5 70 5 7 250 5 1 6 8 0 100 8 2 
Obs683 683 1 1 1 2 1 3 7 0 3 1 33 3.8 4 2 2 4 5 0 2 15 2 2000 6 9 42 2 0 3 9 5 0 10 2 
Obs684 684 0 0 0 0 1 1 0 3 5 0 23 3.5 0 0 0 0 20 0 4 0 5 100 6 5 100 5 0 6 8 0 70 5 2 
Obs685 685 0 0 0 2 0 0 6 1 2 0 32 3.6 14 19 11 0 1 1 4 7 5 200 5 7 200 4 5 5 8 0 0 2 2 
Obs686 686 0 0 0 3 0 0 0 3 1 0 28 3.2 5 7 7 0 10 1 2 8 4 130 5 7 130 8 1 3 5 0 70 7 2 
Obs687 687 1 1 0 2 1 0 6 1 7 0 29 3.9 10 15 1 1 4 1 2 3 2 50 5 8 180 1 0 3 8 15 90 8 2 
Obs688 688 1 1 0 2 1 1 0 9 9 0 19 3.2 7 3 9 2 3 1 4 4 5 500 6 10 130 5 0 10 8 0 20 7 2 
Obs689 689 1 1 0 1 1 0 0 5 7 1 29 3.6 2 0 0 0 1 1 4 3 3 65 5 3 90 6 2 5 3 0 90 7 2 
Obs690 690 0 0 0 0 1 0 0 5 7 1 35 3.3 0 0 0 0 5 1 2 3 0 60 5 5 120 7 1 8 9 5 50 9 2 
Obs691 691 1 1 0 2 1 0 6 2 4 0 32 3.9 6 5 1 1 3 0 3 7 5 90 5 9 120 2 0 5 9 0 90 7 2 
Obs692 692 0 0 0 2 1 0 0 7 0 0 29 3.2 0 1 1 1 2 1 4 2 4 80 6 0 110 7 1 5 9 0 100 8 2 
Obs693 693 0 0 0 1 1 0 2 8 7 1 29 4 0 0 0 0 2 1 1 2 0 500 5 8 500 8 1 5 10 0 100 9 2 
Obs694 694 0 0 1 2 1 0 6 1 7 1 31 2.7 8 12 3 0 3 1 2 5 2 120 2 10 950 3 0 5 7 0 90 5 2 
Obs695 695 1 1 0 2 1 0 7 0 1 0 28 3.6 5 3 1 1 1 1 1 7 3 30 5 10 60 0 0 8 5 0 100 9 2 
Obs696 696 1 1 1 2 1 5 0 5 9 1 27 3.8 13 25 7 0 20 1 9 2 8 100 6 10 50 5 2 3 10 0 40 8 2 
Obs697 697 1 1 0 2 1 0 6 3 5 0 33 3.7 0 0 0 0 2 1 5 6 3 40 5 7 65 1 0 6 8 5 70 0 2 
Obs698 698 1 1 0 3 1 2 5 8 8 0 20 2.5 6 7 1 1 6 1 4 3 5 90 5 7 33 6 0 3 10 0 30 5 2 
Obs699 699 1 1 0 0 1 0 7 0 8 1 31 3.7 2 1 0 0 0 1 3 3 2 40 5 10 27 2 0 4 6 10 10 7 2 
Obs700 700 1 1 0 0 1 2 6 2 4 1 26 4 4 4 0 1 3 1 3 3 4 60 5 7 100 3 0 6 10 20 70 8 2 
Obs701 701 1 1 0 3 0 3 7 0 5 1 27 3.5 0 0 0 2 2 1 3 7 5 40 5 5 35 5 2 5 10 0 100 10 2 
Obs702 702 0 0 0 2 1 0 0 6 3 1 30 4 1 2 0 0 1 1 5 3 9 90 5 5 80 6 1 5 9 35 80 10 2 
Obs703 703 0 0 0 3 1 1 0 8 7 1 31 3.4 3 4 2 3 1 1 3 10 5 300 5 10 100 3 0 5 10 15 90 10 2 
Obs704 704 1 1 0 3 1 0 0 8 8 1 27 3.7 10 35 14 1 8 1 4 4 6 300 5 4 250 7 1 5 10 20 100 10 2 
Obs705 705 1 1 0 0 1 0 6 1 0 1 27 3.9 1 1 0 1 0 1 3 4 0 60 5 10 215 1 0 10 10 10 50 10 2 
Obs706 706 0 0 0 0 1 2 7 1 8 1 27 2.9 0 0 0 0 4 1 1 4 5 105 5 2 60 4 5 8 10 20 0 2 2 
Obs707 707 1 1 1 1 1 0 0 4 5 1 29 3.4 6 5 2 2 3 1 4 5 5 100 6 3 100 4 1 2 9 25 70 8 2 
Obs708 708 1 1 0 3 1 1 7 3 7 1 27 3.6 7 0 0 0 3 1 10 9 10 120 5 8 25 5 0 7 9 0 0 5 2 
Obs709 709 1 1 0 3 0 4 7 0 8 1 33 3 4 2 0 1 8 1 5 4 5 100 5 10 100 5 5 5 9 10 100 8 2 
Obs710 710 1 1 0 3 1 0 6 0 6 0 31 3.1 5 3 0 0 2 1 2 4 5 50 5 10 25 1 0 0 6 0 30 3 2 
Obs711 711 1 1 0 2 1 5 0 8 0 1 24 3.8 4 1 0 0 10 0 2 3 3 116 2 10 70 8 0 4 8 5 70 10 2 
Obs712 712 0 0 0 2 1 4 3 3 4 1 34 3.8 4 3 0 1 2 1 0 5 7 100 2 8 140 3 0 6 4 15 100 7 2 
Obs713 713 0 0 1 1 1 0 6 0 7 1 30 3 16 20 5 2 4 0 4 2 4 125 5 7 450 4 0 8 10 25 100 7 2 
Obs714 714 1 1 0 2 1 0 6 2 1 0 28 3.8 1 2 2 2 4 1 10 3 1 80 2 10 180 1 0 5 10 10 70 10 2 
Obs715 715 1 1 0 2 1 0 5 4 2 1 25 3.6 10 5 6 3 2 1 2 5 5 90 5 3 120 3 0 4 10 10 90 5 2 
Obs716 716 0 0 0 2 1 3 7 0 3 1 32 4 8 18 0 1 5 1 2 5 3 100 5 5 200 4 2 4 10 0 50 8 2 
Obs717 717 1 1 0 3 1 2 0 5 3 1 20 3.4 0 0 1 1 4 0 3 3 5 120 6 5 25 8 5 5 9 0 0 6 2 
Obs718 718 1 1 0 1 1 5 0 3 5 1 24 3.4 3 3 5 3 20 1 2 2 6 100 2 9 70 4 0 5 10 0 0 5 2 
Obs719 719 1 1 0 3 0 3 0 7 3 0 30 3.7 3 2 0 1 4 0 4 4 4 100 5 5 100 5 1 4 8 0 100 5 2 
Obs720 720 1 1 1 1 1 0 0 4 7 1 24 2.9 10 14 15 1 1 1 4 20 10 100 6 1 200 7 1 5 4 0 10 9 2 
Obs721 721 1 1 1 1 1 4 6 2 10 1 28 3 10 6 1 0 3 1 3 4 5 80 5 4 80 3 0 5 7 0 30 0 2 
Obs722 722 1 1 1 2 1 1 0 9 7 1 18 2.4 0 0 0 2 5 1 3 1 10 5 5 5 6 6 5 4 3 20 30 2 2 
Obs723 723 1 1 0 3 1 2 0 6 4 1 21 4 0 0 1 1 7 1 3 5 5 70 5 10 20 3 0 5 9 0 90 6 2 
Obs724 724 1 1 0 1 1 0 7 0 6 1 33 3.6 4 6 2 2 0 1 4 4 4 180 5 10 175 2 0 8 1 15 80 1 2 
Obs725 725 1 1 1 2 1 0 1 6 1 0 20 3.7 20 2 1 1 3 1 4 7 5 5 5 10 75 2 0 6 10 0 90 9 2 
Obs726 726 1 1 1 2 1 0 0 7 4 1 28 3.5 10 22 1 2 1 1 1 4 1 130 5 9 300 0 0 6 9 10 0 8 2 
Obs727 727 0 0 0 1 1 4 2 3 5 1 28 3.6 3 0 0 0 4 1 3 3 5 150 2 3 120 8 0 5 8 10 40 9 2 
Obs728 728 1 1 0 2 1 0 0 5 7 1 28 4 4 4 1 2 3 1 5 4 0 50 6 8 65 6 0 5 6 0 50 8 2 
Obs729 729 0 0 0 2 1 2 5 6 5 1 26 4 4 2 1 1 2 1 3 10 4 104 6 6 104 4 0 5 9 0 70 7 2 
Obs730 730 1 1 1 3 1 2 0 0 1 0 23 2.7 30 50 16 0 3 1 5 3 6 100 2 6 40 5 0 0 8 0 50 8 2 
Obs731 731 1 1 0 2 1 4 2 8 0 1 27 3.5 3 0 0 0 4 1 4 10 3 70 2 10 40 0 5 10 9 10 100 5 2 
Obs732 732 0 2 0 3 1 5 0 4 3 1 33 2 0 0 0 1 2 0 1 2 7 60 5 10 48 4 0 2 8 0 30 1 2 
Obs733 733 1 1 0 3 1 2 5 4 0 0 25 2.7 0 0 0 0 0 1 5 3 5 80 5 8 22 2 0 4 9 0 90 0 2 
Obs734 734 1 1 0 0 1 0 6 0 0 0 24 3 0 0 2 2 3 1 6 4 5 80 6 9 150 2 0 4 5 0 40 6 2 
Obs735 735 1 1 0 1 1 3 0 8 5 1 27 2.7 4 4 2 2 1 1 5 3 5 100 5 8 80 5 5 5 6 45 90 10 2 
Obs736 736 1 1 0 2 1 0 0 4 7 1 24 3.7 2 1 1 1 5 1 4 3 6 89 5 4 88 3 0 4 10 5 70 9 2 
Obs737 737 1 1 0 0 0 3 7 0 3 0 33 3.7 0 0 0 0 0 0 1 5 7 70 5 5 100 2 0 6 8 0 100 5 2 
Obs738 738 0 0 0 2 1 2 0 6 5 0 33 3.7 5 4 2 1 5 0 3 3 3 65 5 10 48 2 0 9 10 10 10 7 2 
Obs739 739 1 1 1 2 1 0 0 2 8 0 29 3.6 15 45 7 2 7 1 4 6 5 250 6 8 30 2 0 8 5 10 10 8 2 
Obs740 740 1 1 0 3 1 1 6 3 0 1 25 3.3 6 4 0 0 4 1 6 6 3 70 5 10 15 0 5 5 7 0 0 4 2 
Obs741 741 0 0 0 2 0 3 0 1 1 1 30 3.4 0 0 4 3 1 1 2 5 7 900 5 0 140 4 5 2 7 0 100 9 2 
Obs742 742 1 1 0 1 1 0 0 9 6 0 28 3.9 5 3 0 1 4 1 2 10 0 100 5 5 500 9 1 5 8 0 90 9 2 
Obs743 743 0 0 0 1 1 0 0 0 0 1 25 3 10 45 17 3 1 1 2 4 8 100 2 9 160 4 0 8 4 20 0 5 2 
Obs744 744 1 1 0 0 1 3 0 7 5 1 21 3 1 0 0 2 2 1 2 4 5 100 5 5 90 5 0 5 10 0 10 9 2 
Obs745 745 1 1 0 3 1 3 0 4 5 1 27 3.8 0 0 1 1 2 1 3 3 5 100 5 10 26 3 0 5 7 0 90 8 2 
Obs746 746 1 1 0 2 1 0 6 1 5 1 33 3.8 4 5 1 1 4 1 5 4 3 60 2 8 400 1 0 3 6 15 80 2 2 
Obs747 747 1 1 0 2 1 1 0 7 4 0 19 3.4 5 0 3 2 2 1 3 4 5 80 5 10 50 1 0 5 7 15 90 3 2 
Obs748 748 1 1 1 3 1 2 0 6 0 0 26 3.6 6 2 3 1 3 1 5 5 9 200 5 10 90 2 0 5 10 0 90 3 2 
Obs749 749 1 1 1 2 1 0 0 2 7 1 26 3.9 11 20 2 1 3 1 4 26 3 35 6 3 250 5 0 5 8 0 100 4 2 
Obs750 750 0 0 0 2 1 1 2 6 10 1 18 4 5 0 0 0 4 1 8 28 0 10000 5 10 25 0 0 6 10 10 10 10 2 
Obs751 751 1 1 1 3 1 0 0 8 4 0 25 2.8 5 10 6 1 7 1 10 25 0 300 5 10 250 6 1 8 8 15 100 10 2 
Obs752 752 1 2 1 3 1 3 7 0 2 1 35 3 3 3 8 3 2 0 2 3 7 120 5 10 45 2 0 4 1 5 70 7 2 
Obs753 753 1 1 0 2 1 4 2 6 8 1 29 3 8 0 2 1 7 1 4 24 8 90 2 5 30 5 0 6 8 0 0 7 2 
Obs754 754 0 0 0 0 1 0 6 0 5 0 24 3.2 0 0 4 1 1 1 2 5 4 100 5 10 40 5 2 6 6 30 0 9 2 
Obs755 755 1 1 0 2 1 3 0 8 2 1 34 3.6 0 0 0 0 1 1 3 8 6 70 5 8 140 5 5 5 9 0 100 5 2 
Obs756 756 1 1 0 3 1 1 0 8 5 1 22 3.6 3 0 0 0 25 1 8 15 3 85 5 10 35 3 0 4 7 20 0 5 2 
Obs757 757 1 1 0 3 1 3 0 10 8 1 31 3.7 0 0 0 2 0 1 3 3 3 70 5 8 70 2 0 3 9 0 60 10 2 
Obs758 758 0 0 0 2 1 2 0 8 5 0 28 3.9 3 4 1 1 0 1 5 9 8 90 5 8 50 5 0 5 9 0 0 7 2 
Obs759 759 0 0 1 2 0 2 7 0 7 0 28 3.6 10 0 1 2 10 1 5 10 2 90 5 3 73 1 0 10 9 0 90 10 2 
Obs760 760 1 1 0 3 1 2 6 0 7 0 30 3.3 4 8 5 2 11 1 1 4 2 280 5 10 170 2 0 5 10 15 90 9 2 
Obs761 761 1 1 0 3 1 1 2 6 0 0 22 3.2 1 1 6 0 7 1 7 9 5 100 6 10 20 0 0 5 8 25 0 10 2 
Obs762 762 0 0 0 2 0 3 0 4 2 1 31 2.7 2 1 3 2 2 1 2 15 7 400 5 4 300 9 0 7 9 0 100 5 2 
Obs763 763 1 1 0 2 1 0 6 0 0 0 29 3.7 0 0 0 0 3 1 3 4 5 60 5 7 110 3 0 5 7 10 0 6 2 
Obs764 764 1 1 0 2 1 3 0 9 8 1 34 4 0 0 0 0 0 1 2 10 0 60 5 10 110 4 5 7 9 0 100 5 2 
Obs765 765 1 1 0 1 1 2 0 8 5 1 27 3.7 12 20 2 2 7 1 6 6 6 300 5 8 200 3 0 6 8 0 70 9 2 
Obs766 766 0 0 1 3 1 2 5 6 5 0 28 3.1 15 30 1 1 7 1 3 5 5 100 5 10 35 3 0 3 10 0 0 6 2 
Obs767 767 0 0 0 1 1 3 0 9 8 1 26 3.2 2 0 0 0 10 1 10 7 7 80 5 10 60 4 5 4 8 15 0 4 2 
Obs768 768 0 0 0 1 1 0 0 5 8 1 30 3.5 4 4 0 0 2 1 2 8 2 150 5 8 175 7 1 5 10 0 40 10 2 
Obs769 769 1 1 0 1 0 0 0 8 4 1 30 3.6 0 0 2 2 3 1 2 9 0 60 5 10 200 0 0 0 3 0 10 10 2 
Obs770 770 0 0 0 3 0 3 7 1 4 1 32 4 2 0 2 1 5 0 3 5 5 80 5 5 100 6 1 5 8 0 100 5 2 
Obs771 771 0 0 0 0 1 0 0 4 9 1 29 2.9 4 2 0 1 1 1 2 2 9 250 5 6 325 10 1 4 10 0 100 8 2 
Obs772 772 1 1 0 2 1 0 0 4 4 1 27 3.4 0 0 1 1 2 1 6 4 3 60 5 5 400 3 3 5 7 0 100 8 2 
Obs773 773 1 1 0 1 1 0 7 0 6 1 26 4 0 0 0 0 15 1 3 4 3 60 5 10 10 3 0 7 9 0 0 8 2 
Obs774 774 0 0 1 2 1 3 7 0 0 0 24 3 12 10 3 3 0 1 5 13 5 80 5 10 180 3 0 4 9 15 90 10 2 
Obs775 775 0 0 0 3 0 3 6 9 8 0 33 3.7 16 0 3 2 10 1 4 10 5 5 6 0 30 5 5 7 9 0 100 6 2 
Obs776 776 1 1 0 2 1 0 0 7 5 1 30 4 5 7 0 0 7 1 3 2 5 500 5 10 60 2 0 5 6 0 30 4 2 
Obs777 777 1 1 1 2 1 5 5 5 8 1 30 2.9 2 2 5 0 2 1 1 8 5 120 5 5 165 6 4 5 9 0 100 7 2 
Obs778 778 0 0 0 1 1 5 6 0 5 0 26 4 4 4 0 2 1 0 3 2 5 100 5 10 60 4 5 8 9 0 30 8 2 
Obs779 779 1 1 0 2 1 4 3 4 7 1 34 2.8 2 1 3 2 8 1 0 5 3 250 6 3 150 3 0 5 4 15 30 8 2 
Obs780 780 1 1 0 0 1 4 3 10 8 1 31 3.8 0 0 0 0 20 1 2 7 5 300 5 5 400 3 0 5 10 0 100 10 2 
Obs781 781 1 1 0 3 1 2 0 5 2 1 23 2.3 10 5 0 0 3 1 3 5 4 200 5 9 80 0 0 4 7 0 100 2 2 
Obs782 782 1 1 0 0 1 0 0 6 7 1 26 3.5 0 0 2 2 3 1 1 2 3 90 5 2 100 5 0 5 10 10 100 10 2 
Obs783 783 1 1 0 3 0 3 0 5 4 0 34 3.5 6 2 0 1 3 1 4 6 5 48 5 6 100 5 2 4 9 0 60 9 2 
Obs784 784 1 1 1 3 1 2 5 5 5 0 20 3.5 0 0 1 2 4 1 5 3 5 75 5 8 20 5 0 4 8 10 10 7 2 
Obs785 785 1 1 1 2 1 0 0 6 3 1 25 3.5 15 15 2 1 7 1 4 15 7 300 6 10 500 6 1 5 10 0 20 0 2 
Obs786 786 1 1 0 2 1 2 0 0 7 1 28 3 1 0 3 2 1 1 4 2 1 100 5 10 70 5 5 5 6 0 100 9 2 
Obs787 787 1 1 1 0 1 0 0 3 6 1 30 3.1 12 15 5 1 1 1 1 3 4 100 6 5 150 3 2 5 9 15 50 9 2 
Obs788 788 1 1 0 1 1 3 4 3 5 0 21 3.6 0 0 4 2 2 1 3 2 7 100 5 8 40 2 0 9 8 5 100 10 2 
Obs789 789 1 1 0 3 1 2 5 1 7 0 22 3.8 0 0 1 1 3 1 5 4 7 40 6 7 40 8 4 9 9 0 100 5 2 
Obs790 790 1 1 1 2 1 0 0 5 8 1 30 3.5 5 11 7 1 7 1 3 5 10 50 2 10 20 3 0 5 10 5 10 8 2 
Obs791 791 1 1 0 2 0 4 2 5 8 1 34 3.8 6 4 0 0 3 1 3 5 5 200 2 5 150 3 0 4 9 0 100 9 2 
Obs792 792 1 1 0 3 1 2 0 6 5 1 23 2.7 3 2 2 1 7 1 2 10 3 80 5 10 31 3 0 5 7 0 10 2 2 
Obs793 793 1 1 0 1 1 0 4 3 0 1 28 3.2 4 3 6 2 4 1 3 5 2 60 5 10 40 2 0 5 8 10 10 2 2 
Obs794 794 1 1 0 2 0 2 5 0 3 1 20 2.6 0 3 7 3 5 1 4 3 10 100 2 10 50 2 2 7 9 20 0 10 2 
Obs795 795 1 1 1 2 1 0 7 0 4 1 32 3.7 4 6 2 0 2 1 2 8 5 90 5 8 0 2 0 7 9 15 90 5 2 
Obs796 796 1 1 0 2 1 2 0 3 5 1 28 3.4 0 0 1 2 1 1 3 4 5 96 5 10 800 5 1 0 7 5 100 7 2 
Obs797 797 1 1 0 3 1 2 0 3 9 1 26 2.5 15 21 1 3 2 1 10 5 5 100 5 10 60 2 0 8 7 0 0 8 2 
Obs798 798 1 1 0 0 1 5 0 10 8 1 27 4 0 0 0 1 4 1 2 4 5 120 5 8 100 10 1 8 8 0 100 9 2 
Obs799 799 1 1 0 2 1 0 7 0 6 1 35 3.9 9 6 0 1 5 1 3 8 7 160 5 9 50 3 0 4 8 0 60 7 2 
Obs800 800 1 1 0 3 1 1 0 7 5 1 29 2.3 12 12 1 1 2 1 6 5 5 250 2 10 30 3 0 5 5 30 30 3 2 
Obs801 801 1 1 1 1 1 5 5 5 4 1 15 2.5 14 21 14 13 16 2 5 5 2 2 4 6 9 6 3 4 3 25 70 5 2 
Obs802 802 0 0 0 1 1 0 0 4 8 1 26 2.5 2 8 7 2 5 1 4 6 9 150 1 10 65 0 1 0 8 15 80 10 2 
Obs803 803 0 0 0 3 0 3 7 0 8 1 31 3.8 0 0 0 0 1 0 2 1 5 200 5 9 1000 5 5 5 5 0 100 3 2 
Obs804 804 1 1 0 1 1 3 6 0 7 1 33 3.9 0 0 0 0 4 1 3 5 5 80 5 5 250 3 2 3 8 15 100 1 2 
Obs805 805 1 1 1 1 1 0 7 0 5 1 26 2.8 6 10 12 0 7 1 3 8 7 200 5 4 250 2 0 4 8 5 30 6 2 
Obs806 806 1 1 0 3 1 2 7 0 0 0 18 2.5 5 0 7 1 2 1 5 4 0 75 5 10 40 2 0 0 5 10 0 10 2 
Obs807 807 1 1 1 2 1 0 0 5 4 1 27 3.2 15 40 13 2 2 1 2 4 5 120 6 10 40 4 0 4 7 10 70 7 2 
Obs808 808 1 1 0 1 1 2 0 3 5 1 29 3.6 5 12 5 7 14 1 4 9 0 170 5 9 130 8 1 10 6 0 0 3 2 
Obs809 809 1 1 0 3 1 1 0 7 2 0 28 3.3 4 2 14 2 5 1 10 6 4 120 2 10 100 0 0 5 7 25 90 6 2 
Obs810 810 1 1 0 3 1 0 0 5 5 1 27 2.8 2 2 2 2 3 1 2 4 2 100 5 10 20 6 0 2 10 0 100 10 2 
Obs811 811 1 1 0 2 0 4 3 6 2 1 32 3.1 4 0 2 1 7 1 3 8 10 100 5 10 300 5 0 7 8 0 100 6 2 
Obs812 812 0 0 0 3 0 3 7 5 1 0 32 3.9 4 0 0 0 5 0 2 6 5 70 5 8 65 5 5 5 8 0 100 7 2 
Obs813 813 1 1 0 1 1 0 6 0 7 1 26 3.4 10 6 3 1 1 0 1 6 8 86 5 10 112 3 2 7 3 0 0 5 2 
Obs814 814 0 0 0 1 1 0 0 1 9 1 22 3.2 5 10 2 1 4 1 4 4 6 100 6 2 200 5 0 5 7 10 80 0 2 
Obs815 815 1 1 0 0 1 1 0 9 6 0 19 3.4 5 1 0 0 2 1 8 2 5 90 5 10 50 4 0 4 9 0 20 9 2 
Obs816 816 1 1 0 3 1 2 5 5 10 0 25 3.5 0 0 2 2 10 1 6 3 6 60 5 10 52 0 0 10 10 0 40 7 2 
Obs817 817 1 1 0 0 1 0 0 2 5 1 28 3.4 10 5 2 1 2 1 8 8 1 100 5 3 230 3 0 5 9 0 90 2 2 
Obs818 818 1 1 0 2 1 2 6 3 0 1 25 3.2 6 7 10 1 2 1 2 3 4 300 5 10 100 0 0 2 7 10 80 9 2 
Obs819 819 1 1 0 2 1 5 6 2 5 1 27 2.9 6 11 11 2 1 1 3 5 8 300 5 1 120 3 0 5 8 10 30 8 2 
Obs820 820 0 0 0 1 0 3 0 7 7 1 35 3.9 0 0 0 0 2 0 1 4 6 150 5 8 150 2 0 7 9 0 40 5 2 
Obs821 821 1 1 0 3 1 5 0 8 6 1 27 3.3 6 15 1 1 7 1 10 2 10 80 5 10 30 4 0 4 9 5 0 5 2 
Obs822 822 0 0 1 2 1 4 0 3 0 0 18 3.7 25 40 15 2 3 1 6 12 10 200 2 0 100 5 0 3 7 0 100 5 2 
Obs823 823 1 1 0 2 1 4 3 2 6 1 26 3.4 4 4 1 1 2 1 2 4 3 80 5 8 200 1 0 6 5 0 90 9 2 
Obs824 824 1 1 0 3 1 2 6 2 4 1 27 3.1 5 0 2 2 3 1 10 3 8 60 3 10 36 2 0 7 8 20 80 10 2 
Obs825 825 0 0 0 3 1 3 7 0 6 1 31 3.1 4 0 0 0 2 0 5 2 5 500 2 10 20 1 0 7 8 0 0 7 2 
Obs826 826 1 1 0 2 1 0 0 7 7 1 25 4 6 0 0 0 5 1 1 3 4 80 5 8 70 4 0 8 9 0 50 6 2 
Obs827 827 1 1 0 3 1 1 5 5 7 1 26 2.3 0 0 3 1 2 1 2 7 5 250 5 10 60 3 0 8 10 10 0 0 2 
Obs828 828 0 0 1 2 1 0 7 0 4 1 29 2.6 20 20 1 1 3 1 5 10 9 200 2 9 600 3 0 2 9 30 100 8 2 
Obs829 829 1 1 0 3 0 3 0 10 8 1 22 3.6 0 0 0 0 1 1 5 5 0 150 5 10 100 10 5 8 5 0 100 0 2 
Obs830 830 1 1 0 2 1 5 2 3 5 0 24 3.7 6 6 0 2 10 1 4 4 5 70 5 10 40 4 0 5 3 10 20 6 2 
Obs831 831 0 0 0 0 1 0 0 7 0 0 22 3.6 2 1 2 1 5 1 5 1 9 90 1 2 250 7 1 5 9 10 90 10 2 
Obs832 832 1 1 0 3 1 3 0 5 5 1 24 3.7 1 0 0 0 6 1 4 8 3 60 5 5 50 2 0 7 8 0 100 7 2 
Obs833 833 1 1 0 2 1 0 0 7 5 1 28 3.8 9 0 2 1 14 2 3 9 5 150 5 10 23 3 0 4 9 0 100 9 2 
Obs834 834 0 0 0 0 1 5 0 8 9 1 29 3.8 15 49 16 3 3 1 3 20 1 100 5 3 60 7 5 7 8 15 10 10 2 
Obs835 835 1 1 1 2 1 0 0 7 8 1 33 2.9 2 4 3 2 14 1 2 20 3 100 2 7 250 2 0 5 8 10 100 5 2 
Obs836 836 1 1 1 0 1 3 7 0 8 1 28 3.9 13 5 2 1 3 1 3 10 3 250 5 10 60 2 0 3 8 15 30 10 2 
Obs837 837 1 1 0 3 0 4 3 4 9 1 32 3.5 8 4 1 1 4 1 3 4 8 10000 5 5 60 5 5 5 7 0 100 8 2 
Obs838 838 0 0 0 2 0 3 0 0 7 1 30 3.6 3 2 2 1 1 1 2 2 7 10 2 6 100 5 1 5 7 0 100 2 2 
Obs839 839 0 0 0 3 1 2 0 1 5 1 18 2.3 0 1 0 0 2 1 7 2 2 52 6 10 12 3 0 4 7 15 20 7 2 
Obs840 840 1 1 0 3 1 1 0 9 1 1 24 4 5 2 2 0 41 1 6 12 6 10000 5 10 63 2 0 0 10 15 20 4 2 
Obs841 841 1 1 0 1 0 3 6 4 4 1 29 3.8 2 1 6 2 4 1 3 4 8 120 6 1 9 3 1 5 8 5 100 4 2 
Obs842 842 0 0 0 3 1 3 0 6 6 1 34 3.5 3 3 0 1 1 1 2 6 2 150 2 7 140 5 2 4 7 10 60 6 2 
Obs843 843 1 1 0 0 1 0 0 6 5 1 22 3.4 3 3 6 4 0 1 5 3 3 120 6 5 150 4 0 5 9 0 40 10 2 
Obs844 844 0 0 0 1 0 3 7 0 5 1 34 3.9 0 0 0 1 3 0 4 2 7 300 5 5 400 5 5 5 8 0 100 7 2 
Obs845 845 1 1 0 3 1 0 0 3 4 1 27 3.5 20 8 1 1 7 1 3 10 5 400 5 5 200 5 5 5 8 20 90 0 2 
Obs846 846 1 1 1 2 1 0 6 1 5 1 34 3.5 7 7 2 0 0 1 2 7 5 75 2 10 250 0 0 5 2 0 100 5 2 
Obs847 847 1 1 0 2 0 4 3 5 5 1 31 3.4 4 4 1 1 10 1 3 3 5 100 5 9 300 1 0 6 9 10 100 10 2 
Obs848 848 1 1 0 2 1 0 2 8 3 1 32 3.9 0 0 0 0 6 1 1 5 3 100 5 9 200 3 0 5 10 0 100 6 2 
Obs849 849 1 1 1 3 1 5 2 4 2 1 23 3.5 3 2 1 1 3 1 3 4 6 56 5 7 65 5 5 6 7 10 90 3 2 
Obs850 850 0 0 0 1 1 1 2 5 8 1 30 2.8 2 6 2 1 3 1 2 5 3 200 5 10 300 5 2 6 8 5 100 0 2 
Obs851 851 1 1 0 3 1 5 5 5 7 1 21 3.4 5 2 1 2 2 1 3 4 8 150 6 10 70 2 0 5 7 10 50 10 2 
Obs852 852 0 0 0 2 1 3 6 0 3 1 27 3.5 4 5 4 3 2 1 3 8 5 100 6 5 40 4 0 5 8 15 30 4 2 
Obs853 853 1 1 0 1 1 0 7 0 6 1 32 3.4 0 0 5 3 0 1 3 6 3 165 5 10 45 0 0 3 7 20 70 7 2 
Obs854 854 1 1 0 0 1 0 0 5 5 1 28 4 3 2 1 1 3 1 4 3 5 200 5 10 300 5 0 5 9 0 100 10 2 
Obs855 855 1 1 0 1 1 0 6 1 5 1 27 3.5 2 5 10 3 3 1 2 3 4 60 2 10 38 1 5 4 2 0 0 1 2 
Obs856 856 1 1 0 3 0 4 0 5 4 0 30 3 2 0 0 2 3 1 8 7 7 100 5 5 85 5 0 7 10 0 100 3 2 
Obs857 857 0 0 0 2 1 0 0 0 8 1 33 3.8 4 0 2 2 2 1 5 4 3 350 2 10 300 1 0 7 6 10 60 10 2 
Obs858 858 0 0 0 3 0 3 4 6 6 1 32 3.6 0 7 0 0 4 0 1 0 4 300 6 5 600 5 5 7 8 0 100 5 2 
Obs859 859 1 1 0 3 1 3 4 4 7 1 26 2.8 0 0 2 3 4 1 5 6 5 100 6 10 15 4 5 5 10 10 100 4 2 
Obs860 860 1 1 0 3 1 5 6 4 8 1 28 3.3 8 16 10 3 6 1 10 3 3 96 5 10 32 2 0 4 4 15 0 7 2 
Obs861 861 1 1 1 2 1 2 0 3 2 0 28 3.5 24 32 5 2 3 1 3 12 6 80 6 7 400 3 0 4 10 0 100 3 2 
Obs862 862 1 1 0 1 1 2 5 2 6 1 19 3.3 3 0 0 1 7 0 1 8 5 60 5 10 58 5 5 5 9 10 20 10 2 
Obs863 863 0 0 0 3 0 3 4 4 7 1 27 3 4 10 1 1 1 1 4 2 3 100 5 9 10000 5 5 4 8 0 100 5 2 
Obs864 864 0 0 1 0 1 4 3 3 7 1 26 2.8 8 10 1 0 5 1 5 10 8 70 5 7 60 3 0 4 7 0 100 7 2 
Obs865 865 1 1 0 2 1 1 6 4 5 0 18 3.2 2 2 0 0 0 1 7 3 5 280 5 0 14 2 1 3 8 15 100 3 2 
Obs866 866 1 1 0 2 1 0 0 4 0 0 25 3.5 0 0 1 1 5 1 4 5 5 90 5 5 90 2 0 7 8 5 60 9 2 
Obs867 867 1 1 0 0 1 0 6 0 5 1 26 3.7 8 10 2 2 1 1 4 7 0 90 5 10 40 0 0 5 10 15 10 10 2 
Obs868 868 0 0 0 1 0 3 7 0 0 0 30 3.5 0 0 0 0 0 0 1 2 8 100 5 5 50 8 5 6 6 0 100 0 2 
Obs869 869 1 1 0 3 1 5 7 0 4 1 32 3.1 1 2 0 1 0 0 7 4 4 111 5 10 12 3 0 8 7 15 0 8 2 
Obs870 870 0 0 0 2 1 0 0 2 7 0 29 3.3 0 0 0 0 1 1 2 5 6 80 5 9 180 3 0 4 10 0 70 2 2 
Obs871 871 1 1 1 3 1 0 0 0 7 1 27 3 22 30 15 3 0 1 3 15 0 100 2 10 180 1 0 3 10 15 100 3 2 
Obs872 872 0 0 0 3 0 3 0 6 7 1 28 3.4 3 3 1 0 5 1 2 3 5 700 5 10 900 5 0 6 8 0 100 7 2 
Obs873 873 1 1 0 3 1 5 6 3 2 1 32 3.9 0 0 0 0 1 1 4 4 6 65 5 10 32 8 0 5 8 0 30 2 2 
Obs874 874 0 0 0 1 1 5 0 4 3 0 31 3.8 0 0 1 1 3 1 3 2 5 250 5 2 175 7 4 4 10 0 100 8 2 
Obs875 875 1 1 0 3 1 1 2 6 9 1 28 3.5 4 3 2 3 0 1 2 4 4 250 5 10 45 5 0 4 4 25 0 7 2 
Obs876 876 1 1 0 0 1 0 0 2 2 0 22 4 0 0 1 1 1 1 3 4 0 70 5 10 70 5 0 6 6 0 0 10 2 
Obs877 877 1 1 0 2 1 2 5 7 6 1 20 3.5 8 1 0 0 4 1 5 7 5 100 5 10 60 0 0 2 9 0 100 8 2 
Obs878 878 1 1 1 2 1 0 0 5 4 0 27 3.9 6 8 4 0 7 1 6 4 0 65 5 10 50 3 0 5 10 0 50 10 2 
Obs879 879 1 1 0 2 0 3 7 0 3 1 33 3.1 0 0 1 1 1 1 2 5 9 90 6 5 100 0 0 4 10 5 100 8 2 
Obs880 880 1 1 0 0 1 0 7 0 5 1 24 3.8 0 0 1 2 0 1 7 7 7 50 5 10 62 5 5 10 3 0 100 7 2 
Obs881 881 0 0 0 1 1 4 3 10 5 1 27 3 50 50 50 2 2 1 2 1 10 90000 6 10 90000 10 5 10 10 45 90 3 2 
Obs882 882 1 1 0 3 1 2 0 5 7 1 30 3.1 5 3 0 0 5 1 5 5 6 80 5 10 115 3 0 5 10 0 80 9 2 
Obs883 883 0 0 0 2 1 0 0 0 5 1 29 2.4 2 1 1 1 2 1 8 2 0 200 5 0 290 7 1 7 9 0 20 6 2 
Obs884 884 1 1 0 1 1 0 5 6 0 0 24 3.5 1 2 8 1 1 1 6 3 0 40 5 10 60 1 0 6 9 0 50 5 2 
Obs885 885 1 1 1 2 1 5 1 5 8 1 26 3.2 10 7 1 1 5 1 3 6 7 100 2 9 120 1 0 5 10 10 100 6 2 
Obs886 886 0 0 1 2 1 0 0 8 5 1 25 3 4 20 4 2 8 1 4 6 5 125 6 2 200 10 1 4 10 10 70 10 3 
Obs887 887 0 0 0 1 0 4 3 5 8 1 29 3.8 1 0 2 1 5 1 2 4 5 10000 5 10 100 5 5 5 8 0 100 10 3 
Obs888 888 0 0 0 3 1 2 6 4 6 1 30 3 6 4 1 2 4 1 2 7 3 100 5 10 60 3 4 6 8 0 80 6 3 
Obs889 889 0 0 0 2 1 3 0 7 3 1 32 3.2 0 0 0 3 1 1 1 2 3 80 6 7 52 7 1 5 6 10 10 7 3 
Obs890 890 1 1 0 2 0 4 3 7 6 1 31 3.2 6 6 1 1 4 1 3 5 6 124 2 7 300 3 0 5 9 0 90 8 3 
Obs891 891 0 0 1 1 1 2 0 5 4 1 26 2.7 0 0 3 1 7 1 3 2 5 80 2 10 120 6 2 5 6 0 10 5 3 
Obs892 892 1 1 0 2 1 2 0 6 7 1 31 3.8 20 13 1 3 4 1 5 3 0 85 5 10 100 5 2 4 10 0 100 7 3 
Obs893 893 1 1 0 2 1 0 0 10 5 1 22 3.5 0 0 0 0 7 0 1 4 5 100 6 0 81 10 1 5 10 0 0 10 3 
Obs894 894 0 0 0 1 0 3 7 9 10 1 31 3.9 0 0 0 3 3 1 1 1 5 270 5 10 100 7 5 5 9 0 100 5 3 
Obs895 895 0 0 0 3 0 3 0 0 8 1 32 4 1 0 0 2 1 1 2 15 8 80 5 2 150 5 0 3 9 0 100 2 3 
Obs896 896 0 0 1 2 1 2 6 1 8 1 29 3 10 20 3 1 2 0 5 4 7 120 3 2 100 6 2 6 9 0 100 5 3 
Obs897 897 0 0 0 1 0 0 7 0 0 1 33 3.9 0 0 0 0 2 1 0 0 0 100 5 0 100 0 2 10 10 0 0 0 3 
Obs898 898 1 1 0 0 1 0 6 3 1 0 25 3.8 4 2 1 0 7 1 2 2 5 100 5 10 55 5 5 4 8 10 10 1 3 
Obs899 899 0 0 1 3 1 5 0 0 8 1 28 3.2 4 5 0 1 1 1 5 15 0 150 5 6 98 0 0 5 7 20 50 8 3 
Obs900 900 0 0 1 2 1 0 2 7 6 1 30 3.4 2 0 0 0 2 1 2 3 4 500 2 10 200 3 5 5 6 10 80 3 3 
Obs901 901 0 0 0 3 0 3 0 9 8 1 30 3 0 0 0 2 1 1 2 2 6 100 5 5 125 4 0 3 8 0 100 9 3 
Obs902 902 0 0 0 3 1 0 0 3 7 1 28 3.9 6 10 0 0 1 1 2 4 4 100 5 4 190 5 5 5 9 0 50 5 3 
Obs903 903 1 1 0 1 1 0 7 0 3 1 26 3.3 7 20 7 1 5 1 3 6 8 90 2 5 70 2 0 3 10 10 60 6 3 
Obs904 904 1 1 1 2 1 0 6 1 7 1 25 3.6 5 6 0 0 4 1 2 3 6 500 2 6 1000 1 0 5 8 0 100 8 3 
Obs905 905 1 1 0 2 1 1 5 4 0 0 21 2.3 2 4 0 0 9 0 2 3 5 350 5 3 100 2 0 6 5 0 100 3 3 
Obs906 906 1 1 0 2 1 5 6 1 5 0 31 4 3 1 2 1 3 1 4 4 2 44 2 10 70 0 0 4 7 15 10 0 3 
Obs907 907 1 1 1 2 1 1 0 7 8 1 25 3.5 24 10 6 1 3 1 3 20 7 200 2 8 550 3 0 4 8 10 90 10 3 
Obs908 908 1 1 0 3 1 4 2 6 6 1 18 2.9 2 0 0 0 10 1 8 4 5 80 2 10 28 0 0 8 10 15 10 7 3 
Obs909 909 1 1 0 3 1 2 5 5 10 1 28 3 4 3 3 1 6 1 5 7 5 900 5 3 20 5 0 5 10 0 100 10 3 
Obs910 910 0 0 1 3 1 2 0 7 7 1 23 3 3 6 4 2 6 1 5 3 5 100 5 10 51 4 0 7 10 25 10 8 3 
Obs911 911 1 1 0 3 0 3 7 1 5 0 30 3.4 0 0 0 3 5 0 5 5 5 97 5 5 80 5 2 5 8 0 100 7 3 
Obs912 912 1 1 1 2 1 0 0 9 7 1 31 3.8 2 0 0 0 15 1 3 5 3 100 5 3 200 7 1 4 10 10 80 8 3 
Obs913 913 0 0 0 3 0 3 6 0 6 1 32 4 3 0 0 1 3 1 2 10 5 10000 5 5 2000 5 5 5 8 0 100 3 3 
Obs914 914 1 1 1 2 1 0 0 7 4 1 31 2.6 15 18 6 2 3 1 4 5 0 75 2 10 80 2 0 10 8 15 100 0 3 
Obs915 915 1 1 0 2 1 3 0 3 1 1 27 3.7 10 2 1 0 10 1 3 6 9 200 5 10 60 2 0 5 8 0 20 0 3 
Obs916 916 1 1 0 3 1 3 0 2 7 1 30 4 0 0 1 1 1 1 5 2 5 200 5 10 30 2 0 5 9 0 10 8 3 
Obs917 917 1 1 0 3 1 2 0 5 7 1 31 3.6 8 0 1 1 4 1 2 6 5 80 5 10 48 2 0 7 8 0 0 2 3 
Obs918 918 0 0 0 1 1 5 0 10 6 0 27 3.8 1 0 0 0 20 1 2 5 0 18 5 10 140 5 0 6 10 20 100 7 3 
Obs919 919 1 1 0 3 0 3 7 2 7 1 34 3 0 0 0 1 1 1 5 1 7 80 5 5 30 3 0 6 7 0 100 7 3 
Obs920 920 1 1 0 3 1 2 0 1 3 1 26 3.6 1 0 1 1 3 1 2 5 7 80 5 10 56 4 0 7 9 0 0 7 3 
Obs921 921 1 1 0 0 1 0 0 5 5 1 24 3.8 2 0 1 1 10 1 3 30 5 65 5 8 82 4 2 3 7 10 30 7 3 
Obs922 922 0 0 0 1 0 5 0 3 0 1 33 2.7 1 1 3 6 1 1 3 1 0 10000 2 2 100 2 5 2 2 0 100 0 3 
Obs923 923 0 0 0 2 1 0 0 7 0 1 32 2.5 3 4 1 1 5 1 3 3 7 200 1 2 80 8 1 7 9 15 0 2 3 
Obs924 924 1 1 1 3 1 0 6 4 3 0 25 3 6 20 8 2 7 1 6 11 2 800 2 6 878 10 2 9 9 20 30 10 3 
Obs925 925 1 1 0 3 1 0 7 0 1 0 30 3.7 4 1 3 1 5 1 2 15 9 130 2 8 150 1 0 7 10 5 60 6 3 
Obs926 926 1 1 0 2 0 1 0 4 4 0 27 3.8 8 20 10 2 3 1 2 6 10 900 6 9 900 5 2 6 7 0 0 5 3 
Obs927 927 1 1 0 2 0 3 7 3 6 1 29 3.9 0 0 0 1 1 1 5 2 10 700 5 6 500 4 5 6 7 0 100 8 3 
Obs928 928 1 1 1 2 1 0 0 7 9 1 30 3.9 6 8 0 0 2 1 4 3 6 50 5 7 100 8 0 4 8 25 90 9 3 
Obs929 929 1 1 0 0 1 5 0 1 1 0 22 3.5 8 8 1 1 1 1 2 4 0 100 5 10 40 2 4 1 7 10 80 8 3 
Obs930 930 1 1 0 3 1 2 5 4 5 0 23 3.9 0 0 1 2 0 1 4 3 5 90 6 10 25 5 2 5 5 0 0 7 3 
Obs931 931 1 1 1 2 1 0 6 0 1 1 29 3.4 2 2 5 1 3 1 3 4 6 85 2 10 90 0 0 5 9 15 100 8 3 
Obs932 932 1 1 0 2 1 0 0 10 5 1 22 3.6 0 0 0 0 7 0 1 4 0 100 6 10 80 10 1 5 10 0 0 10 3 
Obs933 933 1 1 0 3 1 0 7 4 2 0 23 3.6 0 1 24 3 7 1 1 2 3 90 2 10 200 0 5 6 10 45 0 7 3 
Obs934 934 1 1 0 2 0 0 0 8 9 1 24 3.4 3 4 0 0 4 1 5 9 0 90 6 5 300 6 1 5 9 0 70 0 3 
Obs935 935 0 0 1 3 1 4 2 0 2 1 22 2.8 0 0 5 0 3 0 6 8 7 100 2 5 18 2 0 3 5 0 10 7 3 
Obs936 936 1 1 0 3 1 2 6 0 7 1 24 3.4 10 4 0 0 1 1 4 5 10 120 5 6 60 1 0 5 3 0 90 1 3 
Obs937 937 1 1 0 3 1 3 5 7 0 1 22 3 2 3 0 2 5 1 3 2 4 90 6 5 19 5 2 5 5 0 10 10 3 
Obs938 938 0 0 1 1 1 5 0 10 5 0 28 2.8 20 25 12 1 0 1 10 10 0 1000 2 10 750 0 0 10 0 20 100 10 3 
Obs939 939 0 0 0 0 1 2 0 1 5 1 28 3 0 0 1 1 0 0 3 2 10 100 2 10 50 0 0 5 10 10 0 5 3 
Obs940 940 1 1 0 0 1 5 0 1 5 1 25 3.9 10 8 0 1 3 1 2 3 0 50 5 10 40 5 2 8 7 0 0 10 3 
Obs941 941 0 0 0 3 1 2 0 3 5 1 22 3 0 0 0 1 2 0 3 3 4 50 5 10 65 2 0 3 8 0 10 2 3 
Obs942 942 1 1 0 2 1 3 0 2 8 1 22 3.8 0 0 0 0 6 1 5 5 8 80 6 10 50 0 0 8 9 5 80 7 3 
Obs943 943 0 0 0 0 1 0 7 0 3 1 31 3.7 0 8 7 3 7 0 1 3 7 100 6 8 85 6 1 5 7 0 0 10 3 
Obs944 944 0 1 0 2 0 4 4 1 8 0 32 1.2 4 3 10 10 13 1 2 3 2 5 1 7 5 0 1 1 2 35 60 5 3 
Obs945 945 0 0 0 3 0 0 6 0 5 0 31 3.8 0 2 20 5 1 1 0 2 3 100 2 10 170 2 0 8 10 35 0 4 3 
Obs946 946 1 1 0 2 1 3 0 5 4 0 21 3.8 0 0 0 0 5 1 3 3 5 40 5 10 30 5 0 4 10 10 30 5 3 
Obs947 947 1 1 0 2 1 2 5 6 2 1 31 3.2 0 0 0 0 0 1 3 2 2 80000 6 1 50 3 0 0 2 10 30 3 3 
Obs948 948 1 1 0 3 0 3 7 0 1 1 32 3.5 15 1 1 2 0 1 3 10 10 300 5 5 500 0 5 9 7 0 100 2 3 
Obs949 949 1 1 0 3 1 0 6 3 6 1 28 3.6 0 0 0 0 3 1 3 2 5 35 5 10 65 2 0 4 9 0 90 1 3 
Obs950 950 0 0 0 1 0 3 7 0 7 1 31 3.7 1 0 2 0 5 1 3 1 5 150 5 5 100 6 5 6 8 0 100 3 3 
Obs951 951 0 0 0 2 0 3 7 0 7 1 31 3.9 4 0 0 2 7 0 3 15 0 300 5 5 250 2 2 10 9 0 30 10 3 
Obs952 952 1 1 0 1 1 5 0 7 5 1 21 3.7 10 3 0 2 7 1 4 4 5 9000 6 5 100 5 5 5 9 15 0 2 3 
Obs953 953 0 0 0 2 1 3 7 0 5 1 34 3.3 4 10 0 0 1 0 2 4 0 100 6 10 15 5 0 4 8 0 0 5 3 
Obs954 954 0 0 0 2 1 0 0 8 5 1 31 3.9 3 0 0 0 4 1 2 10 3 60 5 8 120 2 0 7 6 0 80 10 3 
Obs955 955 1 1 1 3 1 3 4 7 7 1 27 2.8 0 0 0 0 7 1 3 5 4 70 5 8 40 5 0 7 10 0 100 8 3 
Obs956 956 1 1 0 3 1 2 0 1 7 1 27 2.6 10 8 1 1 1 1 5 5 8 300 5 10 260 4 0 5 5 10 70 9 3 
Obs957 957 0 0 0 1 1 3 0 10 3 1 29 4 0 0 0 1 1 1 3 10 8 100 5 10 50 5 0 3 8 0 100 6 3 
Obs958 958 1 1 0 0 1 0 0 7 4 1 27 3.6 0 0 1 2 1 1 1 2 2 100 6 10 13 5 5 4 8 10 0 7 3 
Obs959 959 1 1 0 3 0 0 7 5 3 0 29 3.8 2 4 18 4 0 0 1 8 0 50 2 10 14 0 0 10 0 25 0 7 3 
Obs960 960 1 1 0 0 1 0 0 9 7 0 28 3.6 0 0 0 2 2 1 5 5 2 150 6 10 350 8 1 5 10 0 100 8 3 
Obs961 961 0 0 0 2 0 3 4 0 10 1 28 4 0 0 0 2 2 1 2 3 5 100 5 5 200 2 5 5 8 0 100 5 3 
Obs962 962 0 0 0 3 0 3 7 0 3 1 32 3.2 5 1 4 2 2 0 0 4 10 2000 5 0 2000 7 1 1 8 0 100 5 3 
Obs963 963 1 1 0 2 0 3 7 0 3 0 30 2.8 3 0 0 0 5 1 3 3 2 90 5 5 99 5 2 2 2 5 100 0 3 
Obs964 964 1 1 1 0 1 0 0 8 6 0 25 3.2 5 20 5 1 6 1 1 4 5 200 5 5 300 9 1 5 5 0 100 0 3 
Obs965 965 0 0 1 2 0 4 4 5 5 1 30 4 25 0 0 0 50 1 4 10 10 99999 5 5 99999 5 1 5 10 0 100 10 3 
Obs966 966 1 1 0 2 1 2 6 1 7 0 21 3.4 12 10 15 3 1 1 6 3 3 60 5 10 30 1 0 5 8 0 0 1 3 
Obs967 967 1 1 0 0 1 0 7 0 5 1 29 3.5 1 2 2 3 5 1 3 6 5 80 5 8 50 1 0 5 9 20 0 10 3 
Obs968 968 1 1 0 3 1 1 0 6 7 1 23 2.9 4 4 0 0 0 1 6 2 6 100 2 5 50 4 0 6 7 5 0 3 3 
Obs969 969 0 0 0 2 1 3 6 3 0 1 26 3 6 8 0 1 7 1 2 2 5 100 1 7 300 7 1 2 10 5 60 9 3 
Obs970 970 1 1 0 0 1 0 0 7 5 0 28 4 6 5 4 3 7 1 5 2 3 80 5 10 100 6 1 1 10 0 100 10 3 
Obs971 971 0 0 0 3 1 2 0 8 10 1 28 3.1 0 0 1 1 8 0 1 3 8 125 6 6 33 8 1 9 9 0 0 8 3 
Obs972 972 0 0 1 2 1 0 6 0 6 1 33 2 15 30 2 1 1 1 2 4 3 100 6 10 162 4 2 7 3 5 50 5 3 
Obs973 973 1 1 0 3 1 1 0 1 1 1 20 3.5 5 0 0 0 30 1 10 10 4 64 5 10 28 5 0 6 10 10 100 6 3 
Obs974 974 0 0 0 2 0 3 6 0 0 1 30 3.5 24 0 0 2 3 1 3 5 5 200 2 5 200 5 5 5 10 0 100 5 3 
Obs975 975 1 1 0 3 1 1 0 7 8 0 22 3.6 4 1 0 1 2 1 2 0 10 400 5 10 10 0 0 5 3 0 10 10 3 
Obs976 976 1 1 1 2 1 0 0 1 2 0 25 3.7 3 5 0 1 1 1 3 3 4 50 2 10 200 1 0 5 9 0 60 7 3 
Obs977 977 1 1 0 1 1 3 4 0 6 1 26 3.8 3 4 1 1 4 1 7 3 6 100 5 10 65 1 0 5 9 0 100 7 3 
Obs978 978 1 1 1 2 1 0 0 6 3 1 30 3.4 8 12 2 0 2 1 3 3 5 100 5 6 75 6 1 5 7 0 10 0 3 
Obs979 979 1 1 0 2 1 5 2 4 7 1 32 4 0 0 0 0 14 1 3 5 1 60 5 5 250 0 0 7 9 0 100 9 3 
Obs980 980 0 1 0 0 1 5 7 10 10 0 12 1 50 50 50 0 0 2 10 0 10 1 1 0 0 10 4 0 0 50 0 0 3 
Obs981 981 0 0 1 2 1 4 2 7 7 1 24 3.9 10 5 1 0 4 1 5 5 10 100 6 10 0 2 0 0 6 0 0 8 3 
Obs982 982 1 1 0 2 1 0 0 3 7 1 28 3.8 2 0 0 1 2 1 1 5 5 100 6 5 300 5 0 5 9 0 100 5 3 
Obs983 983 1 1 0 1 1 2 0 4 2 1 23 3.4 4 6 2 1 2 0 3 3 7 170 5 10 90 4 0 5 7 10 50 3 3 
Obs984 984 1 1 0 3 0 3 4 5 5 1 23 3.6 0 0 0 0 4 1 2 7 7 200 5 5 60 5 5 3 8 0 100 4 3 
Obs985 985 0 0 0 0 1 0 0 6 7 0 24 3 1 2 10 4 0 1 2 5 10 100 6 5 70 6 2 6 8 50 0 6 3 
Obs986 986 1 1 1 3 1 2 5 3 10 1 24 2.7 3 3 3 2 1 1 5 4 5 50 5 10 15 2 0 5 7 10 0 8 3 
Obs987 987 1 1 0 2 1 0 0 6 1 1 24 3.7 4 0 0 2 8 1 6 3 0 150 2 2 850 3 0 0 8 10 100 9 3 
Obs988 988 1 1 0 2 1 2 0 5 7 1 21 3.3 6 0 3 2 3 1 2 4 10 45 6 10 5 5 5 0 6 0 70 2 3 
Obs989 989 0 0 1 1 1 0 1 0 3 1 32 2.7 10 12 6 1 6 1 5 4 9 150 6 5 80 6 1 0 4 0 10 4 3 
Obs990 990 0 0 0 2 1 2 5 5 3 0 17 2.9 0 0 3 1 1 1 4 2 8 80 2 10 62 5 0 5 10 0 0 10 3 
Obs991 991 0 0 0 0 0 3 0 5 5 1 30 2.9 4 2 11 2 1 1 1 5 10 50 6 5 60 0 0 5 5 0 40 5 3 
Obs992 992 0 0 0 1 0 4 6 8 5 1 31 3 4 2 4 4 5 1 1 5 5 100 5 8 1 7 5 10 10 0 100 5 3 
Obs993 993 1 1 0 1 1 0 6 1 3 0 35 3.5 6 5 2 1 8 1 2 3 5 90 5 8 150 3 2 4 4 20 20 7 3 
Obs994 994 0 0 0 0 1 0 6 4 2 1 29 3.2 0 0 3 2 1 0 3 3 4 100 2 10 40 4 2 5 8 30 0 10 3 
Obs995 995 1 1 0 2 1 0 0 7 3 0 26 4 4 3 0 0 3 1 5 11 4 60 5 10 45 3 0 6 8 0 20 10 3 
Obs996 996 1 1 1 2 1 0 6 1 4 0 31 3.2 1 2 3 4 0 1 4 3 3 50 5 10 70 3 0 5 3 10 90 8 3 
Obs997 997 0 0 0 3 1 0 4 8 4 1 28 3.8 15 8 11 4 7 1 5 3 7 1000 6 7 700 5 2 6 8 0 30 10 3 
Obs998 998 0 0 0 2 1 4 3 4 6 1 28 3 5 0 3 1 2 1 5 5 5 100 5 10 50 2 0 4 10 5 100 2 3 
Obs999 999 1 1 0 3 1 2 0 3 10 1 27 3.5 0 0 0 0 1 1 5 3 5 50 5 8 15 5 2 5 7 0 0 9 3 
Obs1000 1000 0 0 1 3 0 3 5 1 0 0 32 2.9 4 7 8 3 7 1 2 4 2 80 5 4 140 0 1 3 10 0 100 8 3 
Obs1001 1001 0 0 0 1 0 4 3 2 6 1 32 3.5 4 4 0 0 1 1 2 10 7 250 6 9 250 5 5 0 9 0 0 5 3 
Obs1002 1002 0 0 0 1 1 0 6 1 7 1 32 4 3 1 1 1 3 0 4 6 6 110 5 8 65 3 0 6 8 15 90 10 3 
Obs1003 1003 0 0 0 2 1 1 6 3 6 1 32 3.6 8 10 7 0 1 1 3 5 5 115 2 10 275 2 2 4 10 20 100 9 3 
Obs1004 1004 1 1 1 2 1 4 3 8 7 1 30 3.6 15 22 1 1 6 1 7 8 5 100 2 10 90 4 0 3 9 10 100 9 3 
Obs1005 1005 0 0 0 3 1 2 2 5 8 1 25 3 6 3 1 1 4 1 6 4 10 1000 5 10 50 5 0 5 10 30 100 0 3 
Obs1006 1006 1 1 0 2 1 3 0 0 6 1 28 3.6 0 0 0 0 7 1 6 3 5 120 5 10 200 3 0 4 7 0 30 5 3 
Obs1007 1007 1 1 0 0 1 0 7 0 7 1 31 3.8 0 0 1 0 1 1 2 2 7 80 5 10 35 0 5 5 8 10 0 10 3 
Obs1008 1008 1 1 1 0 1 0 0 8 8 0 22 3.9 0 0 0 1 5 1 2 2 8 50 5 5 80 6 1 5 10 0 80 5 3 
Obs1009 1009 0 0 1 2 1 0 0 4 4 1 28 2.9 1 1 0 0 2 1 3 0 3 110 6 5 70 5 2 5 7 0 10 0 3 
Obs1010 1010 1 1 0 0 1 0 0 6 4 1 19 3.4 12 22 0 0 0 1 5 2 8 80 1 6 120 5 1 8 9 10 90 6 3 
Obs1011 1011 1 1 0 2 1 0 0 3 5 1 33 3.9 2 0 0 0 3 1 2 5 3 100 5 9 25 5 0 3 4 0 90 0 3 
Obs1012 1012 0 0 0 1 0 4 5 4 5 1 22 3 9 3 4 4 5 1 5 5 4 10000 5 4 10000 4 5 4 6 15 70 3 3 
Obs1013 1013 1 1 1 2 1 0 0 7 10 1 24 3.3 5 5 5 1 9 1 2 5 5 100 6 0 200 5 5 5 10 0 100 7 3 
Obs1014 1014 0 0 1 1 1 0 6 3 8 1 30 3.9 10 2 1 1 1 1 10 6 0 50 6 6 160 5 2 6 6 0 90 4 3 
Obs1015 1015 0 0 0 3 1 3 7 1 2 0 13 4 2 1 1 1 2 1 3 1 1 12 3 2 1 1 1 2 1 5 10 1 3 
Obs1016 1016 0 0 1 3 1 3 7 0 7 1 26 2.5 6 6 4 1 3 1 5 7 9 100 6 6 45 3 0 5 8 0 0 9 3 
Obs1017 1017 0 0 0 2 1 0 7 0 7 1 35 3.8 12 12 2 1 1 0 10 5 10 250 5 5 135 3 0 3 9 10 60 10 3 
Obs1018 1018 1 1 0 2 1 4 3 9 3 1 34 3.9 0 0 0 0 7 0 3 5 5 100 2 10 120 2 0 7 8 0 50 6 3 
Obs1019 1019 1 1 1 3 0 0 6 0 10 1 32 3.2 0 0 2 2 1 1 2 4 5 90 2 10 120 4 2 8 7 0 80 4 3 
Obs1020 1020 0 0 0 2 1 3 6 0 5 1 34 3.4 5 3 1 1 0 0 0 6 8 85 2 8 142 6 2 4 6 5 80 6 3 
Obs1021 1021 1 1 0 2 0 0 7 0 0 0 22 2.9 0 0 0 0 0 1 6 6 4 90 6 10 80 1 0 5 1 25 0 4 3 
Obs1022 1022 1 1 1 2 1 4 3 4 5 1 32 3.9 3 4 0 0 6 1 5 4 3 200 5 6 150 2 0 2 7 15 100 8 3 
Obs1023 1023 1 1 0 2 1 0 0 10 0 0 25 3.8 0 0 0 0 5 1 7 2 0 40 5 10 300 7 1 6 5 0 100 5 3 
Obs1024 1024 0 0 0 0 1 1 5 10 7 1 28 3.8 0 0 0 0 6 0 0 1 8 90 5 10 40 0 0 8 10 0 70 0 3 
Obs1025 1025 0 0 0 3 1 5 5 6 0 1 32 3.5 0 0 7 2 14 0 1 6 8 90000 5 6 1 8 0 8 6 25 70 8 3 
Obs1026 1026 0 0 1 1 1 2 6 3 6 1 27 3.4 6 10 10 2 1 1 1 9 0 100 6 6 120 5 5 7 6 5 70 1 3 
Obs1027 1027 0 0 1 1 1 2 5 3 3 1 20 3.2 3 0 10 2 7 1 3 6 3 115 5 10 20 4 0 6 10 0 10 8 3 
Obs1028 1028 1 1 0 2 1 1 0 6 5 0 26 3.3 3 2 1 1 4 1 3 4 6 300 6 10 70 3 0 3 8 0 0 10 3 
Obs1029 1029 1 1 0 2 1 0 0 7 0 0 25 3.9 5 5 1 1 5 1 5 6 0 100 6 10 45 3 0 3 10 0 20 8 3 
Obs1030 1030 1 1 0 3 0 5 6 4 6 1 24 3 18 10 15 2 0 1 3 5 7 600 5 10 400 3 0 8 5 0 100 9 3 
Obs1031 1031 1 1 1 3 1 2 5 3 2 0 19 3.6 4 3 0 0 2 1 4 5 5 50 5 5 21 7 1 5 7 25 0 10 3 
Obs1032 1032 1 1 0 2 0 3 7 0 1 1 32 3 18 0 45 0 8 1 10 50 7 99 5 5 999 5 5 5 4 0 100 6 3 
Obs1033 1033 1 1 1 2 1 0 0 6 0 0 21 3.1 0 0 3 2 1 1 3 2 5 40 5 3 28 5 0 5 7 10 60 8 3 
Obs1034 1034 0 0 1 1 1 3 0 7 5 1 23 3.6 8 7 1 0 3 1 10 0 7 150 6 3 120 5 2 5 8 0 100 5 3 
Obs1035 1035 0 0 0 1 1 3 7 5 5 1 28 3.8 9 0 0 0 0 1 3 0 5 222 5 4 222 5 5 5 5 0 100 5 3 
Obs1036 1036 1 1 1 3 1 0 0 7 6 0 24 3 10 11 3 1 1 1 5 9 3 60 5 4 90 4 0 4 8 0 60 7 3 
Obs1037 1037 0 0 0 2 0 3 0 7 8 1 32 3.8 0 0 0 9 1 0 1 3 5 400 4 5 500 5 0 4 6 15 100 4 3 
Obs1038 1038 1 1 0 3 0 5 2 8 6 0 24 3.1 5 1 1 1 10 1 4 4 10 1000 5 7 100 3 0 5 9 0 0 6 3 
Obs1039 1039 1 1 0 0 1 5 0 1 0 0 27 3.4 1 1 2 2 8 1 8 10 5 80 2 8 10 0 4 6 6 35 30 6 3 
Obs1040 1040 1 1 0 2 1 0 0 6 8 1 30 3.5 8 8 0 0 2 1 3 3 7 50 5 8 120 4 0 2 9 0 100 3 3 
Obs1041 1041 1 1 0 3 0 3 6 0 5 1 33 3.5 5 10 0 0 2 1 5 5 8 50 5 0 50 4 0 2 10 0 100 6 3 
Obs1042 1042 1 1 0 3 1 2 5 0 8 1 21 2.6 7 5 4 2 0 0 1 2 8 2000 6 2 900 5 0 10 5 15 40 7 3 
Obs1043 1043 0 0 0 0 1 0 0 2 8 1 28 3.9 3 0 7 1 4 1 2 2 5 200 5 8 80 5 5 5 6 5 0 5 3 
Obs1044 1044 1 1 0 0 1 1 6 0 5 0 28 2.9 0 0 0 1 3 1 10 3 5 60 6 10 120 2 0 0 7 10 30 5 3 
Obs1045 1045 1 1 0 2 1 3 0 3 3 1 28 2.8 1 3 0 0 7 1 10 10 5 100 5 3 50 0 0 4 8 0 100 5 3 
Obs1046 1046 0 0 0 3 1 0 0 5 7 1 30 3.4 3 5 1 3 2 1 3 5 6 120 5 6 130 1 2 7 9 0 70 2 3 
Obs1047 1047 0 0 1 2 1 0 0 3 8 1 29 2.5 12 20 5 1 5 1 3 6 8 150 5 5 150 5 5 7 8 10 100 6 3 
Obs1048 1048 1 1 1 2 1 0 0 5 2 0 23 3.3 20 15 8 0 3 1 7 8 6 70 5 10 80 3 0 6 5 0 40 4 3 
Obs1049 1049 0 0 1 1 1 2 0 6 1 0 24 1.8 4 1 5 2 1 1 2 4 5 30 5 10 10 1 0 6 2 0 0 3 3 
Obs1050 1050 1 1 0 2 0 4 7 0 7 1 31 4 3 10 1 1 4 1 3 5 3 100 5 10 600 4 0 5 8 0 100 7 3 
Obs1051 1051 1 1 0 2 1 0 0 2 6 0 18 2.4 0 2 0 0 0 1 3 5 5 40 2 5 5 3 2 7 0 50 0 7 3 
Obs1052 1052 0 0 1 3 1 2 0 6 0 1 25 3.2 1 1 0 3 5 0 6 5 5 90 6 7 70 6 5 0 7 0 60 8 3 
Obs1053 1053 1 1 0 2 1 3 0 1 2 1 31 3.4 0 0 5 4 2 0 3 15 4 111 6 5 75 2 0 7 7 10 20 8 3 
Obs1054 1054 1 1 0 3 0 3 7 0 6 1 33 3.7 30 0 0 2 2 1 4 8 5 300 5 10 500 5 5 7 5 0 100 2 3 
Obs1055 1055 0 0 0 3 0 3 0 5 5 1 31 3.8 2 2 2 2 2 0 3 4 5 60 6 6 40 5 0 5 8 0 100 5 3 
Obs1056 1056 1 1 1 2 1 1 0 6 3 1 27 2.8 0 1 1 4 3 1 5 3 5 250 2 10 190 3 0 5 5 15 0 0 3 
Obs1057 1057 1 1 1 2 1 0 1 4 6 1 24 3.6 11 9 0 0 6 1 3 5 5 300 5 4 300 7 1 8 10 0 0 3 3 
Obs1058 1058 1 1 0 0 1 0 7 0 4 1 30 3.9 1 1 2 1 1 1 1 3 1 60 5 10 100 2 3 5 3 0 10 4 3 
Obs1059 1059 1 1 0 0 1 0 7 0 4 1 27 3.5 8 10 7 4 0 1 5 3 6 200 6 10 18 3 0 4 0 25 0 5 3 
Obs1060 1060 1 1 0 3 0 3 5 1 3 1 29 3.2 1 0 0 2 3 1 6 4 6 140 5 5 100 5 5 4 9 0 100 4 3 
Obs1061 1061 1 1 1 0 1 0 0 9 3 0 28 3.7 14 10 2 0 6 1 1 10 5 200 5 5 800 6 1 8 10 5 100 9 3 
Obs1062 1062 1 1 0 0 1 0 5 0 3 0 22 2.8 0 0 2 1 3 1 2 2 5 85 5 0 400 5 5 5 9 15 10 5 3 
Obs1063 1063 0 0 1 2 1 0 1 3 3 0 24 2.7 2 2 3 6 5 1 4 5 2 600 6 3 222 8 0 3 2 20 20 1 3 
Obs1064 1064 0 0 1 2 1 0 0 1 5 0 32 3.7 35 50 50 1 5 1 1 4 10 400 6 0 150 5 5 0 10 0 50 1 3 
Obs1065 1065 0 0 1 2 1 2 7 4 5 1 34 2.6 50 0 50 0 7 1 0 5 10 200 5 10 25 3 0 0 7 0 0 7 3 
Obs1066 1066 1 1 1 3 1 3 6 5 7 1 31 3.3 0 0 0 0 1 1 3 3 5 60 6 5 20 8 0 5 5 0 0 8 3 
